    0.10000E+07      -0.60601907E+38      -0.61603470E+38
    0.10007E+07      -0.59905796E+38      -0.61105760E+38
    0.10013E+07      -0.59711709E+38      -0.60610745E+38
    0.10020E+07      -0.61329250E+38      -0.60108825E+38
    0.10027E+07      -0.59464061E+38      -0.59606923E+38
    0.10033E+07      -0.60710453E+38      -0.59106551E+38
    0.10040E+07      -0.59493701E+38      -0.58605029E+38
    0.10047E+07      -0.57272919E+38      -0.58116845E+38
    0.10053E+07      -0.56621635E+38      -0.57639693E+38
    0.10060E+07      -0.57387868E+38      -0.57161081E+38
    0.10067E+07      -0.57019679E+38      -0.56679814E+38
    0.10073E+07      -0.57569857E+38      -0.56196770E+38
    0.10080E+07      -0.55114468E+38      -0.55720773E+38
    0.10087E+07      -0.56665644E+38      -0.55247590E+38
    0.10093E+07      -0.54916293E+38      -0.54774265E+38
    0.10100E+07      -0.54374503E+38      -0.54309675E+38
    0.10107E+07      -0.54010291E+38      -0.53847968E+38
    0.10113E+07      -0.52424994E+38      -0.53393619E+38
    0.10120E+07      -0.51566111E+38      -0.52948779E+38
    0.10127E+07      -0.51964822E+38      -0.52504984E+38
    0.10133E+07      -0.51735778E+38      -0.52059534E+38
    0.10140E+07      -0.51560640E+38      -0.51614882E+38
    0.10147E+07      -0.51486292E+38      -0.51170358E+38
    0.10153E+07      -0.48517686E+38      -0.50738059E+38
    0.10160E+07      -0.49123340E+38      -0.50315077E+38
    0.10166E+07      -0.50432316E+38      -0.49882889E+38
    0.10173E+07      -0.49218948E+38      -0.49449367E+38
    0.10180E+07      -0.48497243E+38      -0.49023344E+38
    0.10186E+07      -0.47560805E+38      -0.48603655E+38
    0.10193E+07      -0.49457008E+38      -0.48178842E+38
    0.10200E+07      -0.47732234E+38      -0.47752362E+38
    0.10206E+07      -0.48931993E+38      -0.47327229E+38
    0.10213E+07      -0.47141484E+38      -0.46903767E+38
    0.10220E+07      -0.45913639E+38      -0.46492696E+38
    0.10226E+07      -0.44888230E+38      -0.46090704E+38
    0.10233E+07      -0.45746191E+38      -0.45688571E+38
    0.10240E+07      -0.44125536E+38      -0.45288959E+38
    0.10246E+07      -0.43659407E+38      -0.44897770E+38
    0.10253E+07      -0.42172168E+38      -0.44514466E+38
    0.10260E+07      -0.44671598E+38      -0.44125780E+38
    0.10266E+07      -0.44606272E+38      -0.43725319E+38
    0.10273E+07      -0.43365217E+38      -0.43329825E+38
    0.10280E+07      -0.42362331E+38      -0.42943545E+38
    0.10286E+07      -0.40909250E+38      -0.42567499E+38
    0.10293E+07      -0.41400866E+38      -0.42194965E+38
    0.10300E+07      -0.40782712E+38      -0.41822185E+38
    0.10306E+07      -0.41229006E+38      -0.41449345E+38
    0.10313E+07      -0.41283331E+38      -0.41073380E+38
    0.10320E+07      -0.41373493E+38      -0.40695886E+38
    0.10326E+07      -0.38529905E+38      -0.40330144E+38
    0.10333E+07      -0.40091677E+38      -0.39969430E+38
    0.10340E+07      -0.38652934E+38      -0.39607344E+38
    0.10346E+07      -0.38666649E+38      -0.39250989E+38
    0.10353E+07      -0.39903974E+38      -0.38888024E+38
    0.10359E+07      -0.39271654E+38      -0.38521407E+38
    0.10366E+07      -0.37974657E+38      -0.38162878E+38
    0.10373E+07      -0.39297003E+38      -0.37803363E+38
    0.10379E+07      -0.37818274E+38      -0.37443727E+38
    0.10386E+07      -0.36502503E+38      -0.37096295E+38
    0.10393E+07      -0.37069451E+38      -0.36751539E+38
    0.10399E+07      -0.35661184E+38      -0.36409930E+38
    0.10406E+07      -0.36274130E+38      -0.36071244E+38
    0.10413E+07      -0.35421613E+38      -0.35732890E+38
    0.10419E+07      -0.34887273E+38      -0.35400288E+38
    0.10426E+07      -0.35970926E+38      -0.35064274E+38
    0.10433E+07      -0.34083890E+38      -0.34731279E+38
    0.10439E+07      -0.36180090E+38      -0.34396450E+38
    0.10446E+07      -0.33317456E+38      -0.34064485E+38
    0.10453E+07      -0.32412414E+38      -0.33749746E+38
    0.10459E+07      -0.32907133E+38      -0.33436221E+38
    0.10466E+07      -0.33512768E+38      -0.33116644E+38
    0.10473E+07      -0.32236731E+38      -0.32799527E+38
    0.10479E+07      -0.31651702E+38      -0.32490631E+38
    0.10486E+07      -0.31943247E+38      -0.32182402E+38
    0.10493E+07      -0.31129700E+38      -0.31875963E+38
    0.10499E+07      -0.30165552E+38      -0.31577439E+38
    0.10506E+07      -0.32533706E+38      -0.31271307E+38
    0.10513E+07      -0.33085359E+38      -0.30950106E+38
    0.10519E+07      -0.30707153E+38      -0.30637043E+38
    0.10526E+07      -0.30913798E+38      -0.30333841E+38
    0.10532E+07      -0.29592140E+38      -0.30035377E+38
    0.10539E+07      -0.29943449E+38      -0.29740944E+38
    0.10546E+07      -0.30499626E+38      -0.29441254E+38
    0.10552E+07      -0.28176261E+38      -0.29149592E+38
    0.10559E+07      -0.27345854E+38      -0.28872905E+38
    0.10566E+07      -0.27144268E+38      -0.28600691E+38
    0.10572E+07      -0.28971342E+38      -0.28319646E+38
    0.10579E+07      -0.28626481E+38      -0.28030441E+38
    0.10586E+07      -0.28035015E+38      -0.27745187E+38
    0.10592E+07      -0.27759591E+38      -0.27463555E+38
    0.10599E+07      -0.27453625E+38      -0.27184121E+38
    0.10606E+07      -0.25559828E+38      -0.26915130E+38
    0.10612E+07      -0.26479984E+38      -0.26650384E+38
    0.10619E+07      -0.25654580E+38      -0.26384484E+38
    0.10626E+07      -0.26702653E+38      -0.26116736E+38
    0.10632E+07      -0.25141045E+38      -0.25850928E+38
    0.10639E+07      -0.25766442E+38      -0.25589215E+38
    0.10646E+07      -0.26012630E+38      -0.25322311E+38
    0.10652E+07      -0.24734936E+38      -0.25060023E+38
    0.10659E+07      -0.23883759E+38      -0.24808065E+38
    0.10666E+07      -0.25215688E+38      -0.24552924E+38
    0.10672E+07      -0.24409024E+38      -0.24294367E+38
    0.10679E+07      -0.24070504E+38      -0.24041080E+38
    0.10686E+07      -0.23942763E+38      -0.23789541E+38
    0.10692E+07      -0.22108310E+38      -0.23547641E+38
    0.10699E+07      -0.23752359E+38      -0.23306072E+38
    0.10706E+07      -0.21831861E+38      -0.23065336E+38
    0.10712E+07      -0.23494843E+38      -0.22825281E+38
    0.10719E+07      -0.21056958E+38      -0.22588716E+38
    0.10725E+07      -0.21777346E+38      -0.22360637E+38
    0.10732E+07      -0.22034305E+38      -0.22126726E+38
    0.10739E+07      -0.20315452E+38      -0.21900017E+38
    0.10745E+07      -0.21015063E+38      -0.21678153E+38
    0.10752E+07      -0.20309126E+38      -0.21455737E+38
    0.10759E+07      -0.21486537E+38      -0.21230154E+38
    0.10765E+07      -0.20256819E+38      -0.21004241E+38
    0.10772E+07      -0.20658255E+38      -0.20782178E+38
    0.10779E+07      -0.19805583E+38      -0.20561960E+38
    0.10785E+07      -0.20221324E+38      -0.20343499E+38
    0.10792E+07      -0.20860327E+38      -0.20118636E+38
    0.10799E+07      -0.20336717E+38      -0.19892485E+38
    0.10805E+07      -0.20904725E+38      -0.19665401E+38
    0.10812E+07      -0.19147891E+38      -0.19444219E+38
    0.10819E+07      -0.18682694E+38      -0.19234687E+38
    0.10825E+07      -0.18302733E+38      -0.19029251E+38
    0.10832E+07      -0.18275157E+38      -0.18825500E+38
    0.10839E+07      -0.17724434E+38      -0.18624403E+38
    0.10845E+07      -0.17957723E+38      -0.18424506E+38
    0.10852E+07      -0.17296591E+38      -0.18226448E+38
    0.10859E+07      -0.15162160E+38      -0.18043602E+38
    0.10865E+07      -0.18757122E+38      -0.17851958E+38
    0.10872E+07      -0.18741773E+38      -0.17639484E+38
    0.10879E+07      -0.16344288E+38      -0.17440086E+38
    0.10885E+07      -0.17573353E+38      -0.17246721E+38
    0.10892E+07      -0.17379600E+38      -0.17046863E+38
    0.10898E+07      -0.17460739E+38      -0.16847025E+38
    0.10905E+07      -0.13982158E+38      -0.16666162E+38
    0.10912E+07      -0.16538267E+38      -0.16490056E+38
    0.10918E+07      -0.15997190E+38      -0.16301796E+38
    0.10925E+07      -0.17080244E+38      -0.16109791E+38
    0.10932E+07      -0.14896432E+38      -0.15923623E+38
    0.10938E+07      -0.13972449E+38      -0.15755040E+38
    0.10945E+07      -0.14933584E+38      -0.15585740E+38
    0.10952E+07      -0.14863821E+38      -0.15410714E+38
    0.10958E+07      -0.15112945E+38      -0.15234094E+38
    0.10965E+07      -0.13671170E+38      -0.15063998E+38
    0.10972E+07      -0.13899183E+38      -0.14900579E+38
    0.10978E+07      -0.13106936E+38      -0.14740047E+38
    0.10985E+07      -0.14718631E+38      -0.14574132E+38
    0.10992E+07      -0.15287551E+38      -0.14394655E+38
    0.10998E+07      -0.14202165E+38      -0.14217698E+38
    0.11005E+07      -0.14832015E+38      -0.14042879E+38
    0.11012E+07      -0.14000488E+38      -0.13868710E+38
    0.11018E+07      -0.14808436E+38      -0.13694077E+38
    0.11025E+07      -0.14982797E+38      -0.13512864E+38
    0.11032E+07      -0.13296684E+38      -0.13340260E+38
    0.11038E+07      -0.12795564E+38      -0.13180460E+38
    0.11045E+07      -0.13243231E+38      -0.13020456E+38
    0.11052E+07      -0.14618151E+38      -0.12848653E+38
    0.11058E+07      -0.12450251E+38      -0.12681184E+38
    0.11065E+07      -0.12117921E+38      -0.12528647E+38
    0.11072E+07      -0.11664040E+38      -0.12380514E+38
    0.11078E+07      -0.12141521E+38      -0.12231744E+38
    0.11085E+07      -0.12639275E+38      -0.12076358E+38
    0.11091E+07      -0.11843213E+38      -0.11922324E+38
    0.11098E+07      -0.10610078E+38      -0.11780586E+38
    0.11105E+07      -0.11775385E+38      -0.11638792E+38
    0.11111E+07      -0.11030202E+38      -0.11493872E+38
    0.11118E+07      -0.11118849E+38      -0.11352641E+38
    0.11125E+07      -0.10829948E+38      -0.11212219E+38
    0.11131E+07      -0.10958955E+38      -0.11072342E+38
    0.11138E+07      -0.11309693E+38      -0.10928885E+38
    0.11145E+07      -0.11842708E+38      -0.10779189E+38
    0.11151E+07      -0.10352003E+38      -0.10635176E+38
    0.11158E+07      -0.10252928E+38      -0.10500986E+38
    0.11165E+07      -0.92276044E+37      -0.10373699E+38
    0.11171E+07      -0.10068048E+38      -0.10247178E+38
    0.11178E+07      -0.10097037E+38      -0.10114510E+38
    0.11185E+07      -0.10239303E+38      -0.99802303E+37
    0.11191E+07      -0.10047613E+38      -0.98457884E+37
    0.11198E+07      -0.95209420E+37      -0.97156347E+37
    0.11205E+07      -0.97471620E+37      -0.95870035E+37
    0.11211E+07      -0.92188909E+37      -0.94599350E+37
    0.11218E+07      -0.10266469E+38      -0.93288782E+37
    0.11225E+07      -0.88972136E+37      -0.91995224E+37
    0.11231E+07      -0.10240326E+38      -0.90698092E+37
    0.11238E+07      -0.78125170E+37      -0.89470289E+37
    0.11245E+07      -0.73309642E+37      -0.88113830E+37
    0.11251E+07      -0.66138488E+37      -0.86144298E+37
    0.11258E+07      -0.88393695E+37      -0.83491531E+37
    0.11265E+07      -0.87201455E+37      -0.80524068E+37
    0.11271E+07      -0.77355562E+37      -0.77790640E+37
    0.11278E+07      -0.93195300E+37      -0.75011216E+37
    0.11284E+07      -0.65931556E+37      -0.72457668E+37
    0.11291E+07      -0.66382012E+37      -0.70371175E+37
    0.11298E+07      -0.73147424E+37      -0.68204678E+37
    0.11304E+07      -0.68975487E+37      -0.66031397E+37
    0.11311E+07      -0.73846812E+37      -0.63883970E+37
    0.11318E+07      -0.75028811E+37      -0.61682862E+37
    0.11324E+07      -0.63130621E+37      -0.59673150E+37
    0.11331E+07      -0.60157812E+37      -0.57908783E+37
    0.11338E+07      -0.50267343E+37      -0.56350314E+37
    0.11344E+07      -0.63363050E+37      -0.54771049E+37
    0.11351E+07      -0.51423255E+37      -0.53196040E+37
    0.11358E+07      -0.55320579E+37      -0.51753455E+37
    0.11364E+07      -0.44185859E+37      -0.50425252E+37
    0.11371E+07      -0.61508328E+37      -0.49035951E+37
    0.11378E+07      -0.46464332E+37      -0.47633735E+37
    0.11384E+07      -0.48156571E+37      -0.46422974E+37
    0.11391E+07      -0.43000712E+37      -0.45270737E+37
    0.11398E+07      -0.46317635E+37      -0.44156450E+37
    0.11404E+07      -0.46567735E+37      -0.43012155E+37
    0.11411E+07      -0.39133789E+37      -0.41969107E+37
    0.11418E+07      -0.38707127E+37      -0.41033282E+37
    0.11424E+07      -0.38992805E+37      -0.40109717E+37
    0.11431E+07      -0.33704463E+37      -0.39254782E+37
    0.11438E+07      -0.57931876E+37      -0.38192590E+37
    0.11444E+07      -0.52685117E+37      -0.36927030E+37
    0.11451E+07      -0.52279452E+37      -0.35746283E+37
    0.11457E+07      -0.44134560E+37      -0.34677976E+37
    0.11464E+07      -0.39950104E+37      -0.33759798E+37
    0.11471E+07      -0.16551491E+37      -0.33148793E+37
    0.11477E+07      -0.44247354E+37      -0.32500219E+37
    0.11484E+07      -0.39589656E+37      -0.31614082E+37
    0.11491E+07      -0.32782602E+37      -0.30858836E+37
    0.11497E+07      -0.59364872E+37      -0.29913105E+37
    0.11504E+07      -0.25663705E+37      -0.29049088E+37
    0.11511E+07      -0.28054268E+37      -0.28511407E+37
    0.11517E+07      -0.15411385E+37      -0.28079454E+37
    0.11524E+07      -0.25867531E+37      -0.27673112E+37
    0.11531E+07      -0.29748488E+37      -0.27130009E+37
    0.11537E+07      -0.29573114E+37      -0.26556442E+37
    0.11544E+07      -0.22505919E+37      -0.26057641E+37
    0.11551E+07      -0.32121806E+37      -0.25540302E+37
    0.11557E+07      -0.35326008E+37      -0.24908349E+37
    0.11564E+07      -0.60987369E+36      -0.24522979E+37
    0.11571E+07      -0.19033123E+37      -0.24291556E+37
    0.11577E+07      -0.28253840E+37      -0.23858944E+37
    0.11584E+07      -0.69118276E+36      -0.23538814E+37
    0.11591E+07      -0.36951288E+37      -0.23144485E+37
    0.11597E+07      -0.21956847E+37      -0.22617871E+37
    0.11604E+07      -0.18612068E+37      -0.22259137E+37
    0.11611E+07      -0.40010590E+37      -0.21747081E+37
    0.11617E+07      -0.50555457E+37      -0.20966907E+37
    0.11624E+07      -0.24408769E+37      -0.20329541E+37
    0.11631E+07      -0.15861153E+37      -0.19991815E+37
    0.11637E+07      -0.32658051E+37      -0.19589723E+37
    0.11644E+07      -0.21152932E+37      -0.19147242E+37
    0.11650E+07      -0.29634581E+37      -0.18735133E+37
    0.11657E+07      -0.17343770E+37      -0.18357083E+37
    0.11664E+07      -0.47133497E+37      -0.17846835E+37
    0.11670E+07      -0.32970845E+36      -0.17449560E+37
    0.11677E+07      -0.18608681E+37      -0.17279503E+37
    0.11684E+07      -0.14354269E+37      -0.17024619E+37
    0.11690E+07      -0.15409986E+37      -0.16796233E+37
    0.11697E+07      -0.10325248E+37      -0.16599869E+37
    0.11704E+07      -0.14226582E+37      -0.16413799E+37
    0.11710E+07      -0.25388459E+37      -0.16116032E+37
    0.11717E+07      -0.11798367E+37      -0.15838203E+37
    0.11724E+07      -0.25270013E+37      -0.15564531E+37
    0.11730E+07      -0.63220470E+36      -0.15332287E+37
    0.11737E+07       0.31619768E+35      -0.15288397E+37
    0.11744E+07      -0.78935075E+36      -0.15233211E+37
    0.11750E+07       0.67516259E+36      -0.15224882E+37
    0.11757E+07      -0.13872286E+37      -0.15173203E+37
    0.11764E+07      -0.20993889E+37      -0.14921023E+37
    0.11770E+07      -0.96839173E+36      -0.14700396E+37
    0.11777E+07      -0.33554245E+36      -0.14607174E+37
    0.11784E+07      -0.75510913E+36      -0.14529527E+37
    0.11790E+07      -0.24359830E+37      -0.14303882E+37
    0.11797E+07      -0.29462586E+37      -0.13926768E+37
    0.11804E+07      -0.65392156E+36      -0.13676454E+37
    0.11810E+07      -0.13950914E+37      -0.13535538E+37
    0.11817E+07      -0.10577957E+37      -0.13367576E+37
    0.11823E+07      -0.21510612E+37      -0.13149829E+37
    0.11830E+07      -0.22558577E+37      -0.12853330E+37
    0.11837E+07      -0.12658571E+37      -0.12618487E+37
    0.11843E+07      -0.52583630E+36      -0.12499877E+37
    0.11850E+07       0.22780003E+36      -0.12480201E+37
    0.11857E+07      -0.91875042E+36      -0.12434761E+37
    0.11863E+07       0.53828982E+36      -0.12409691E+37
    0.11870E+07      -0.18528094E+37      -0.12323695E+37
    0.11877E+07      -0.22840150E+36      -0.12187431E+37
    0.11883E+07      -0.89470573E+36      -0.12114437E+37
    0.11890E+07      -0.13957675E+37      -0.11966223E+37
    0.11897E+07      -0.69263006E+36      -0.11831661E+37
    0.11903E+07      -0.13825613E+37      -0.11698953E+37
    0.11910E+07      -0.80798295E+36      -0.11559443E+37
    0.11917E+07       0.13919351E+37      -0.11596636E+37
    0.11923E+07      -0.37780709E+36      -0.11661016E+37
    0.11930E+07      -0.11435416E+37      -0.11564367E+37
    0.11937E+07      -0.92831075E+36      -0.11433216E+37
    0.11943E+07       0.31558654E+36      -0.11394517E+37
    0.11950E+07      -0.16656513E+37      -0.11309862E+37
    0.11957E+07      -0.21643533E+37      -0.11070937E+37
    0.11963E+07      -0.20967594E+37      -0.10807910E+37
    0.11970E+07      -0.47095592E+36      -0.10650591E+37
    0.11977E+07      -0.27441138E+37      -0.10456311E+37
    0.11983E+07      -0.16656284E+37      -0.10191483E+37
    0.11990E+07      -0.19519753E+37      -0.99771902E+36
    0.11997E+07       0.21860605E+36      -0.98749499E+36
    0.12003E+07      -0.80732206E+36      -0.98405078E+36
    0.12010E+07      -0.10024143E+37      -0.97348798E+36
    0.12016E+07      -0.32271296E+36      -0.96577979E+36
    0.12023E+07      -0.88270321E+36      -0.95880741E+36
    0.12030E+07       0.36042627E+36      -0.95578610E+36
    0.12036E+07      -0.94378464E+36      -0.95243013E+36
    0.12043E+07      -0.18623452E+37      -0.93635986E+36
    0.12050E+07      -0.10078238E+37      -0.92002021E+36
    0.12056E+07      -0.13524407E+37      -0.90671558E+36
    0.12063E+07      -0.22607781E+37      -0.88655383E+36
    0.12070E+07       0.50245218E+36      -0.87676839E+36
    0.12076E+07       0.10800820E+37      -0.88554306E+36
    0.12083E+07      -0.13090635E+37      -0.88427672E+36
    0.12090E+07       0.27542665E+36      -0.87853574E+36
    0.12096E+07      -0.12231426E+37      -0.87331376E+36
    0.12103E+07      -0.86171442E+36      -0.86184730E+36
    0.12110E+07      -0.12273186E+37      -0.85044699E+36
    0.12116E+07       0.18140327E+36      -0.84475154E+36
    0.12123E+07      -0.16476636E+37      -0.83684079E+36
    0.12130E+07      -0.18248665E+37      -0.81820505E+36
    0.12136E+07       0.18144990E+36      -0.80942731E+36
    0.12143E+07      -0.47862638E+36      -0.80785197E+36
    0.12150E+07      -0.16073753E+37      -0.79684586E+36
    0.12156E+07      -0.73501563E+34      -0.78833994E+36
    0.12163E+07      -0.21831262E+36      -0.78715837E+36
    0.12170E+07      -0.90600896E+36      -0.78128933E+36
    0.12176E+07      -0.27270253E+37      -0.76251149E+36
    0.12183E+07       0.92521250E+36      -0.75319807E+36
    0.12189E+07      -0.36402334E+36      -0.75606860E+36
    0.12196E+07      -0.24057682E+37      -0.74197176E+36
    0.12203E+07       0.57023018E+36      -0.73262323E+36
    0.12209E+07      -0.25057166E+37      -0.72293102E+36
    0.12216E+07      -0.18188192E+37      -0.70136944E+36
    0.12223E+07      -0.28992262E+36      -0.69095824E+36
    0.12229E+07      -0.27568504E+37      -0.67615829E+36
    0.12236E+07      -0.17257415E+37      -0.65454081E+36
    0.12243E+07      -0.10251687E+37      -0.64145562E+36
    0.12249E+07       0.71234588E+36      -0.63997311E+36
    0.12256E+07      -0.76003585E+36      -0.63974859E+36
    0.12263E+07       0.74057916E+36      -0.63965653E+36
    0.12269E+07      -0.79161223E+36      -0.63941631E+36
    0.12276E+07      -0.17766904E+37      -0.62737606E+36
    0.12283E+07      -0.14771295E+37      -0.61225070E+36
    0.12289E+07      -0.93847808E+36      -0.60113605E+36
    0.12296E+07      -0.16609309E+37      -0.58931766E+36
    0.12303E+07       0.10799012E+37      -0.58667445E+36
    0.12309E+07       0.91651574E+36      -0.59573027E+36
    0.12316E+07      -0.13473056E+37      -0.59377802E+36
    0.12323E+07       0.55833905E+36      -0.59018259E+36
    0.12329E+07      -0.32540398E+37      -0.57811364E+36
    0.12336E+07      -0.21463599E+35      -0.56341821E+36
    0.12343E+07      -0.46503473E+36      -0.56126708E+36
    0.12349E+07      -0.21178674E+37      -0.54994248E+36
    0.12356E+07      -0.12176072E+37      -0.53541594E+36
    0.12363E+07      -0.97311573E+36      -0.52599292E+36
    0.12369E+07       0.60837431E+35      -0.52208731E+36
    0.12376E+07      -0.60618549E+36      -0.51976761E+36
    0.12382E+07      -0.45344349E+36      -0.51526763E+36
    0.12389E+07      -0.24839180E+37      -0.50295186E+36
    0.12396E+07      -0.14777928E+37      -0.48647422E+36
    0.12402E+07      -0.11192980E+37      -0.47583490E+36
    0.12409E+07      -0.13315021E+37      -0.46591479E+36
    0.12416E+07      -0.28496588E+37      -0.44927945E+36
    0.12422E+07      -0.50872910E+36      -0.43602518E+36
    0.12429E+07      -0.20520273E+36      -0.43324565E+36
    0.12436E+07      -0.21570745E+37      -0.42415806E+36
    0.12442E+07       0.68557664E+35      -0.41612855E+36
    0.12449E+07      -0.46341152E+36      -0.41462861E+36
    0.12456E+07      -0.12468236E+37      -0.40816682E+36
    0.12462E+07      -0.35004085E+36      -0.40215596E+36
    0.12469E+07      -0.23614053E+37      -0.39212065E+36
    0.12476E+07      -0.10688283E+37      -0.37950981E+36
    0.12482E+07      -0.42894587E+36      -0.37407608E+36
    0.12489E+07      -0.12074836E+37      -0.36820402E+36
    0.12496E+07      -0.14906427E+37      -0.35861246E+36
    0.12502E+07      -0.47960186E+36      -0.35166641E+36
    0.12509E+07      -0.14449382E+37      -0.34497997E+36
    0.12516E+07       0.60305362E+35      -0.34017943E+36
    0.12522E+07      -0.89664854E+36      -0.33731381E+36
    0.12529E+07       0.15873997E+35      -0.33429478E+36
    0.12536E+07      -0.88948938E+36      -0.33132769E+36
    0.12542E+07       0.94403464E+36      -0.33151394E+36
    0.12549E+07      -0.20135005E+37      -0.32791763E+36
    0.12556E+07      -0.16237540E+37      -0.31572962E+36
    0.12562E+07      -0.16514276E+37      -0.30496379E+36
    0.12569E+07       0.33080481E+36      -0.30065255E+36
    0.12575E+07      -0.14453313E+36      -0.30125477E+36
    0.12582E+07      -0.72369567E+36      -0.29845341E+36
    0.12589E+07       0.43600469E+36      -0.29752371E+36
    0.12595E+07       0.23612896E+37      -0.30664340E+36
