  0.69999999999999996        21000000000.000000     
    1143          0.31557300E+14
     0.0000000E+00            0.100000000000E+16            0.116793850000E+06
     0.5648380E+02            0.100000000000E+16            0.116793850000E+06
     0.1694510E+03            0.100000000000E+16            0.116793850000E+06
     0.2824190E+03            0.100000000000E+16            0.116793840000E+06
     0.3953870E+03            0.100000000000E+16            0.116793840000E+06
     0.5648380E+03            0.100000000000E+16            0.116793830000E+06
     0.7907730E+03            0.999999000000E+15            0.116793820000E+06
     0.1016710E+04            0.999999000000E+15            0.116793800000E+06
     0.1242640E+04            0.999999000000E+15            0.116793780000E+06
     0.1503470E+04            0.999998000000E+15            0.116793750000E+06
     0.1799190E+04            0.999997000000E+15            0.116793710000E+06
     0.2094910E+04            0.999996000000E+15            0.116793670000E+06
     0.2390630E+04            0.999995000000E+15            0.116793620000E+06
     0.2730890E+04            0.999994000000E+15            0.116793540000E+06
     0.3115680E+04            0.999992000000E+15            0.116793470000E+06
     0.3500470E+04            0.999990000000E+15            0.116793370000E+06
     0.3885260E+04            0.999988000000E+15            0.116793280000E+06
     0.4319070E+04            0.999985000000E+15            0.116793110000E+06
     0.4801900E+04            0.999982000000E+15            0.116792970000E+06
     0.5284730E+04            0.999979000000E+15            0.116792790000E+06
     0.5767560E+04            0.999975000000E+15            0.116792620000E+06
     0.6301880E+04            0.999969000000E+15            0.116792340000E+06
     0.6887670E+04            0.999964000000E+15            0.116792100000E+06
     0.7473460E+04            0.999958000000E+15            0.116791800000E+06
     0.8059260E+04            0.999953000000E+15            0.116791510000E+06
     0.8698350E+04            0.999943000000E+15            0.116791060000E+06
     0.9390740E+04            0.999935000000E+15            0.116790670000E+06
     0.1008310E+05            0.999926000000E+15            0.116790200000E+06
     0.1077550E+05            0.999917000000E+15            0.116789740000E+06
     0.1152290E+05            0.999903000000E+15            0.116789070000E+06
     0.1232510E+05            0.999891000000E+15            0.116788460000E+06
     0.1312740E+05            0.999877000000E+15            0.116787760000E+06
     0.1392970E+05            0.999863000000E+15            0.116787080000E+06
     0.1478850E+05            0.999843000000E+15            0.116786110000E+06
     0.1570390E+05            0.999825000000E+15            0.116785240000E+06
     0.1661930E+05            0.999805000000E+15            0.116784240000E+06
     0.1753460E+05            0.999785000000E+15            0.116783260000E+06
     0.1850810E+05            0.999758000000E+15            0.116781910000E+06
     0.1953960E+05            0.999733000000E+15            0.116780680000E+06
     0.2057120E+05            0.999705000000E+15            0.116779300000E+06
     0.2160270E+05            0.999677000000E+15            0.116777940000E+06
     0.2269380E+05            0.999640000000E+15            0.116776120000E+06
     0.2384460E+05            0.999607000000E+15            0.116774450000E+06
     0.2499530E+05            0.999569000000E+15            0.116772590000E+06
     0.2614610E+05            0.999532000000E+15            0.116770760000E+06
     0.2735790E+05            0.999483000000E+15            0.116768350000E+06
     0.2863090E+05            0.999438000000E+15            0.116766130000E+06
     0.2990380E+05            0.999388000000E+15            0.116763690000E+06
     0.3117670E+05            0.999339000000E+15            0.116761270000E+06
     0.3251210E+05            0.999276000000E+15            0.116758160000E+06
     0.3391010E+05            0.999218000000E+15            0.116755270000E+06
     0.3530800E+05            0.999154000000E+15            0.116752120000E+06
     0.3670600E+05            0.999091000000E+15            0.116749000000E+06
     0.3816780E+05            0.999010000000E+15            0.116745040000E+06
     0.3969360E+05            0.998936000000E+15            0.116741360000E+06
     0.4121940E+05            0.998855000000E+15            0.116737360000E+06
     0.4274510E+05            0.998774000000E+15            0.116733400000E+06
     0.4433610E+05            0.998674000000E+15            0.116728440000E+06
     0.4599240E+05            0.998580000000E+15            0.116723810000E+06
     0.4764870E+05            0.998478000000E+15            0.116718810000E+06
     0.4930490E+05            0.998378000000E+15            0.116713860000E+06
     0.5102770E+05            0.998254000000E+15            0.116707730000E+06
     0.5281710E+05            0.998137000000E+15            0.116701990000E+06
     0.5460640E+05            0.998012000000E+15            0.116695830000E+06
     0.5639580E+05            0.997888000000E+15            0.116689710000E+06
     0.5825300E+05            0.997736000000E+15            0.116682230000E+06
     0.6017790E+05            0.997594000000E+15            0.116675200000E+06
     0.6210290E+05            0.997441000000E+15            0.116667680000E+06
     0.6402790E+05            0.997290000000E+15            0.116660210000E+06
     0.6602180E+05            0.997107000000E+15            0.116651180000E+06
     0.6808480E+05            0.996934000000E+15            0.116642670000E+06
     0.7014780E+05            0.996750000000E+15            0.116633600000E+06
     0.7221080E+05            0.996567000000E+15            0.116624580000E+06
     0.7434390E+05            0.996348000000E+15            0.116613770000E+06
     0.7654720E+05            0.996141000000E+15            0.116603560000E+06
     0.7875050E+05            0.995921000000E+15            0.116592710000E+06
     0.8095380E+05            0.995702000000E+15            0.116581920000E+06
     0.8322840E+05            0.995441000000E+15            0.116569100000E+06
     0.8557430E+05            0.995195000000E+15            0.116556960000E+06
     0.8792010E+05            0.994934000000E+15            0.116544100000E+06
     0.9026600E+05            0.994675000000E+15            0.116531300000E+06
     0.9268420E+05            0.994368000000E+15            0.116516210000E+06
     0.9517470E+05            0.994078000000E+15            0.116501890000E+06
     0.9766520E+05            0.993771000000E+15            0.116486770000E+06
     0.1001560E+06            0.993465000000E+15            0.116471720000E+06
     0.1027200E+06            0.993107000000E+15            0.116454080000E+06
     0.1053570E+06            0.992767000000E+15            0.116437320000E+06
     0.1079940E+06            0.992409000000E+15            0.116419660000E+06
     0.1106310E+06            0.992052000000E+15            0.116402080000E+06
     0.1133430E+06            0.991636000000E+15            0.116381610000E+06
     0.1161280E+06            0.991241000000E+15            0.116362120000E+06
     0.1189140E+06            0.990825000000E+15            0.116341640000E+06
     0.1217000E+06            0.990410000000E+15            0.116321230000E+06
     0.1245610E+06            0.989931000000E+15            0.116297630000E+06
     0.1274970E+06            0.989474000000E+15            0.116275110000E+06
     0.1304330E+06            0.988994000000E+15            0.116251500000E+06
     0.1333690E+06            0.988516000000E+15            0.116227960000E+06
     0.1363810E+06            0.987966000000E+15            0.116200900000E+06
     0.1394690E+06            0.987441000000E+15            0.116175040000E+06
     0.1425570E+06            0.986891000000E+15            0.116147960000E+06
     0.1456450E+06            0.986343000000E+15            0.116120990000E+06
     0.1488090E+06            0.985716000000E+15            0.116090120000E+06
     0.1520510E+06            0.985115000000E+15            0.116060570000E+06
     0.1552930E+06            0.984488000000E+15            0.116029710000E+06
     0.1585340E+06            0.983863000000E+15            0.115998940000E+06
     0.1618530E+06            0.983151000000E+15            0.115963920000E+06
     0.1652490E+06            0.982468000000E+15            0.115930350000E+06
     0.1686460E+06            0.981756000000E+15            0.115895330000E+06
     0.1720420E+06            0.981046000000E+15            0.115860430000E+06
     0.1755170E+06            0.980242000000E+15            0.115820870000E+06
     0.1790690E+06            0.979470000000E+15            0.115782910000E+06
     0.1826220E+06            0.978665000000E+15            0.115743380000E+06
     0.1861740E+06            0.977864000000E+15            0.115703960000E+06
     0.1898060E+06            0.976959000000E+15            0.115659500000E+06
     0.1935160E+06            0.976089000000E+15            0.115616770000E+06
     0.1972250E+06            0.975185000000E+15            0.115572340000E+06
     0.2009350E+06            0.974283000000E+15            0.115528040000E+06
     0.2047240E+06            0.973269000000E+15            0.115478270000E+06
     0.2085920E+06            0.972294000000E+15            0.115430380000E+06
     0.2124610E+06            0.971281000000E+15            0.115380670000E+06
     0.2163290E+06            0.970271000000E+15            0.115331080000E+06
     0.2202770E+06            0.969141000000E+15            0.115275600000E+06
     0.2243040E+06            0.968052000000E+15            0.115222160000E+06
     0.2283310E+06            0.966922000000E+15            0.115166750000E+06
     0.2323590E+06            0.965795000000E+15            0.115111490000E+06
     0.2364660E+06            0.964539000000E+15            0.115049890000E+06
     0.2406530E+06            0.963327000000E+15            0.114990480000E+06
     0.2448400E+06            0.962073000000E+15            0.114928980000E+06
     0.2490280E+06            0.960821000000E+15            0.114867620000E+06
     0.2532950E+06            0.959430000000E+15            0.114799480000E+06
     0.2576430E+06            0.958087000000E+15            0.114733700000E+06
     0.2619910E+06            0.956698000000E+15            0.114665680000E+06
     0.2663390E+06            0.955311000000E+15            0.114597820000E+06
     0.2707670E+06            0.953777000000E+15            0.114522720000E+06
     0.2752760E+06            0.952293000000E+15            0.114450140000E+06
     0.2797850E+06            0.950761000000E+15            0.114375190000E+06
     0.2842930E+06            0.949232000000E+15            0.114300410000E+06
     0.2888830E+06            0.947544000000E+15            0.114217920000E+06
     0.2935530E+06            0.945911000000E+15            0.114138130000E+06
     0.2982240E+06            0.944227000000E+15            0.114055830000E+06
     0.3028940E+06            0.942545000000E+15            0.113973710000E+06
     0.3076460E+06            0.940695000000E+15            0.113883410000E+06
     0.3124780E+06            0.938904000000E+15            0.113795990000E+06
     0.3173100E+06            0.937057000000E+15            0.113705920000E+06
     0.3221420E+06            0.935214000000E+15            0.113616040000E+06
     0.3270560E+06            0.933193000000E+15            0.113517510000E+06
     0.3320500E+06            0.931233000000E+15            0.113422040000E+06
     0.3370450E+06            0.929216000000E+15            0.113323780000E+06
     0.3420390E+06            0.927202000000E+15            0.113225740000E+06
     0.3471150E+06            0.924999000000E+15            0.113118560000E+06
     0.3522720E+06            0.922862000000E+15            0.113014620000E+06
     0.3574300E+06            0.920664000000E+15            0.112907780000E+06
     0.3625870E+06            0.918470000000E+15            0.112801160000E+06
     0.3678250E+06            0.916076000000E+15            0.112684920000E+06
     0.3731460E+06            0.913752000000E+15            0.112572120000E+06
     0.3784660E+06            0.911364000000E+15            0.112456280000E+06
     0.3837860E+06            0.908980000000E+15            0.112340680000E+06
     0.3891880E+06            0.906386000000E+15            0.112214980000E+06
     0.3946720E+06            0.903865000000E+15            0.112092910000E+06
     0.4001560E+06            0.901278000000E+15            0.111967690000E+06
     0.4056400E+06            0.898694000000E+15            0.111842730000E+06
     0.4112060E+06            0.895889000000E+15            0.111707160000E+06
     0.4168550E+06            0.893162000000E+15            0.111575440000E+06
     0.4225030E+06            0.890365000000E+15            0.111440450000E+06
     0.4281520E+06            0.887572000000E+15            0.111305750000E+06
     0.4338830E+06            0.884547000000E+15            0.111159920000E+06
     0.4396970E+06            0.881603000000E+15            0.111018170000E+06
     0.4455120E+06            0.878587000000E+15            0.110873040000E+06
     0.4513260E+06            0.875575000000E+15            0.110728220000E+06
     0.4572240E+06            0.872318000000E+15            0.110571740000E+06
     0.4632060E+06            0.869148000000E+15            0.110419580000E+06
     0.4691870E+06            0.865902000000E+15            0.110263950000E+06
     0.4751690E+06            0.862661000000E+15            0.110108660000E+06
     0.4812360E+06            0.859160000000E+15            0.109941130000E+06
     0.4873880E+06            0.855752000000E+15            0.109778190000E+06
     0.4935400E+06            0.852266000000E+15            0.109611690000E+06
     0.4996910E+06            0.848785000000E+15            0.109445580000E+06
     0.5059300E+06            0.845029000000E+15            0.109266590000E+06
     0.5122550E+06            0.841372000000E+15            0.109092500000E+06
     0.5185810E+06            0.837634000000E+15            0.108914770000E+06
     0.5249060E+06            0.833900000000E+15            0.108737460000E+06
     0.5313210E+06            0.829875000000E+15            0.108546580000E+06
     0.5378250E+06            0.825956000000E+15            0.108360950000E+06
     0.5443290E+06            0.821953000000E+15            0.108171610000E+06
     0.5508330E+06            0.817954000000E+15            0.107982740000E+06
     0.5574300E+06            0.813644000000E+15            0.107779460000E+06
     0.5641200E+06            0.809448000000E+15            0.107581880000E+06
     0.5708100E+06            0.805165000000E+15            0.107380510000E+06
     0.5775000E+06            0.800887000000E+15            0.107179680000E+06
     0.5842880E+06            0.796271000000E+15            0.106963410000E+06
     0.5911740E+06            0.791781000000E+15            0.106753380000E+06
     0.5980600E+06            0.787200000000E+15            0.106539510000E+06
     0.6049460E+06            0.782624000000E+15            0.106326270000E+06
     0.6119380E+06            0.777679000000E+15            0.106096240000E+06
     0.6190340E+06            0.772872000000E+15            0.105873180000E+06
     0.6261310E+06            0.767972000000E+15            0.105646220000E+06
     0.6332280E+06            0.763076000000E+15            0.105419970000E+06
     0.6404380E+06            0.757773000000E+15            0.105175490000E+06
     0.6477620E+06            0.752626000000E+15            0.104938770000E+06
     0.6550860E+06            0.747379000000E+15            0.104698090000E+06
     0.6624100E+06            0.742138000000E+15            0.104458260000E+06
     0.6698540E+06            0.736454000000E+15            0.104198900000E+06
     0.6774180E+06            0.730941000000E+15            0.103948050000E+06
     0.6849820E+06            0.725323000000E+15            0.103693200000E+06
     0.6925470E+06            0.719710000000E+15            0.103439360000E+06
     0.7002550E+06            0.713565000000E+15            0.103162350000E+06
     0.7081080E+06            0.707630000000E+15            0.102895790000E+06
     0.7159610E+06            0.701584000000E+15            0.102625170000E+06
     0.7238130E+06            0.695543000000E+15            0.102355750000E+06
     0.7316620E+06            0.689404000000E+15            0.102082990000E+06
     0.7395060E+06            0.683262000000E+15            0.101811210000E+06
     0.7473500E+06            0.677008000000E+15            0.101535630000E+06
     0.7551940E+06            0.670758000000E+15            0.101261380000E+06
     0.7629940E+06            0.664536000000E+15            0.100989520000E+06
     0.7707500E+06            0.658249000000E+15            0.100716100000E+06
     0.7785070E+06            0.651851000000E+15            0.100439200000E+06
     0.7862640E+06            0.645457000000E+15            0.100163770000E+06
     0.7950810E+06            0.635450000000E+15            0.997355700000E+05
     0.8049600E+06            0.627130000000E+15            0.993822200000E+05
     0.8148390E+06            0.618622000000E+15            0.990235670000E+05
     0.8247170E+06            0.610118000000E+15            0.986677930000E+05
     0.8341440E+06            0.602978000000E+15            0.983713170000E+05
     0.8431190E+06            0.595094000000E+15            0.980463050000E+05
     0.8520930E+06            0.587046000000E+15            0.977172210000E+05
     0.8610680E+06            0.578998000000E+15            0.973909050000E+05
     0.8696440E+06            0.572211000000E+15            0.971179630000E+05
     0.8778210E+06            0.564735000000E+15            0.968197290000E+05
     0.8859970E+06            0.557111000000E+15            0.965182770000E+05
     0.8941740E+06            0.549483000000E+15            0.962195180000E+05
     0.9019920E+06            0.543037000000E+15            0.959692670000E+05
     0.9094520E+06            0.535943000000E+15            0.956963550000E+05
     0.9169120E+06            0.528711000000E+15            0.954208200000E+05
     0.9243720E+06            0.521474000000E+15            0.951479210000E+05
     0.9315060E+06            0.515355000000E+15            0.949194110000E+05
     0.9383140E+06            0.508622000000E+15            0.946704330000E+05
     0.9451220E+06            0.501756000000E+15            0.944192440000E+05
     0.9519290E+06            0.494884000000E+15            0.941706370000E+05
     0.9584380E+06            0.489078000000E+15            0.939628460000E+05
     0.9646460E+06            0.482684000000E+15            0.937364510000E+05
     0.9708550E+06            0.476161000000E+15            0.935081290000E+05
     0.9770630E+06            0.469630000000E+15            0.932823340000E+05
     0.9829950E+06            0.464125000000E+15            0.930941800000E+05
     0.9886490E+06            0.458052000000E+15            0.928890420000E+05
     0.9943030E+06            0.451851000000E+15            0.926821720000E+05
     0.9999570E+06            0.445641000000E+15            0.924777670000E+05
     0.1005350E+07            0.440422000000E+15            0.923081230000E+05
     0.1010490E+07            0.434654000000E+15            0.921229310000E+05
     0.1015630E+07            0.428755000000E+15            0.919361420000E+05
     0.1020770E+07            0.422848000000E+15            0.917517440000E+05
     0.1025670E+07            0.417903000000E+15            0.915994490000E+05
     0.1030320E+07            0.412423000000E+15            0.914329030000E+05
     0.1034980E+07            0.406810000000E+15            0.912648540000E+05
     0.1039640E+07            0.401189000000E+15            0.910991110000E+05
     0.1044070E+07            0.396505000000E+15            0.909629820000E+05
     0.1048280E+07            0.391298000000E+15            0.908137890000E+05
     0.1052490E+07            0.385956000000E+15            0.906631660000E+05
     0.1056700E+07            0.380606000000E+15            0.905147490000E+05
     0.1060700E+07            0.376171000000E+15            0.903935910000E+05
     0.1064490E+07            0.371222000000E+15            0.902604690000E+05
     0.1068280E+07            0.366138000000E+15            0.901259800000E+05
     0.1072070E+07            0.361045000000E+15            0.899935840000E+05
     0.1075670E+07            0.356846000000E+15            0.898862000000E+05
     0.1079070E+07            0.352144000000E+15            0.897678850000E+05
     0.1082480E+07            0.347304000000E+15            0.896482600000E+05
     0.1085880E+07            0.342456000000E+15            0.895306060000E+05
     0.1089100E+07            0.338481000000E+15            0.894358090000E+05
     0.1092140E+07            0.334013000000E+15            0.893310570000E+05
     0.1095180E+07            0.329407000000E+15            0.892250550000E+05
     0.1098220E+07            0.324792000000E+15            0.891208910000E+05
     0.1101100E+07            0.321030000000E+15            0.890375190000E+05
     0.1103810E+07            0.316786000000E+15            0.889451160000E+05
     0.1106520E+07            0.312402000000E+15            0.888515270000E+05
     0.1109230E+07            0.308009000000E+15            0.887596370000E+05
     0.1111790E+07            0.304449000000E+15            0.886865610000E+05
     0.1114190E+07            0.300418000000E+15            0.886053300000E+05
     0.1116590E+07            0.296247000000E+15            0.885229840000E+05
     0.1119000E+07            0.292068000000E+15            0.884421930000E+05
     0.1121260E+07            0.288698000000E+15            0.883783290000E+05
     0.1123390E+07            0.284870000000E+15            0.883071390000E+05
     0.1125520E+07            0.280904000000E+15            0.882349100000E+05
     0.1127640E+07            0.276929000000E+15            0.881640910000E+05
     0.1129640E+07            0.273740000000E+15            0.881084120000E+05
     0.1131520E+07            0.270106000000E+15            0.880461840000E+05
     0.1133390E+07            0.266335000000E+15            0.879830000000E+05
     0.1135270E+07            0.262557000000E+15            0.879210820000E+05
     0.1137030E+07            0.259538000000E+15            0.878726210000E+05
     0.1138680E+07            0.256089000000E+15            0.878183390000E+05
     0.1140330E+07            0.252507000000E+15            0.877631880000E+05
     0.1141970E+07            0.248918000000E+15            0.877091600000E+05
     0.1143520E+07            0.246060000000E+15            0.876670170000E+05
     0.1144970E+07            0.242788000000E+15            0.876197300000E+05
     0.1146410E+07            0.239388000000E+15            0.875716620000E+05
     0.1147860E+07            0.235981000000E+15            0.875245800000E+05
     0.1149220E+07            0.233273000000E+15            0.874879260000E+05
     0.1150490E+07            0.230171000000E+15            0.874467520000E+05
     0.1151750E+07            0.226947000000E+15            0.874048860000E+05
     0.1153020E+07            0.223716000000E+15            0.873638750000E+05
     0.1154210E+07            0.221150000000E+15            0.873319510000E+05
     0.1155320E+07            0.218210000000E+15            0.872960780000E+05
     0.1156430E+07            0.215155000000E+15            0.872596010000E+05
     0.1157550E+07            0.212096000000E+15            0.872238560000E+05
     0.1158590E+07            0.209662000000E+15            0.871959740000E+05
     0.1159570E+07            0.206877000000E+15            0.871646610000E+05
     0.1160540E+07            0.203987000000E+15            0.871328310000E+05
     0.1161520E+07            0.201093000000E+15            0.871016180000E+05
     0.1162430E+07            0.198783000000E+15            0.870771580000E+05
     0.1163290E+07            0.196146000000E+15            0.870497370000E+05
     0.1164150E+07            0.193415000000E+15            0.870218810000E+05
     0.1165010E+07            0.190682000000E+15            0.869945380000E+05
     0.1165810E+07            0.188487000000E+15            0.869729590000E+05
     0.1166570E+07            0.185992000000E+15            0.869488390000E+05
     0.1167330E+07            0.183413000000E+15            0.869243600000E+05
     0.1168090E+07            0.180833000000E+15            0.869003060000E+05
     0.1168670E+07            0.180553000000E+15            0.868977230000E+05
     0.1169080E+07            0.179139000000E+15            0.868847580000E+05
     0.1169490E+07            0.177699000000E+15            0.868716830000E+05
     0.1169890E+07            0.176258000000E+15            0.868587390000E+05
     0.1170270E+07            0.175217000000E+15            0.868494720000E+05
     0.1170620E+07            0.173969000000E+15            0.868384560000E+05
     0.1170960E+07            0.172699000000E+15            0.868273550000E+05
     0.1171310E+07            0.171429000000E+15            0.868163560000E+05
     0.1171640E+07            0.170431000000E+15            0.868077900000E+05
     0.1171940E+07            0.169289000000E+15            0.867980760000E+05
     0.1172250E+07            0.168127000000E+15            0.867882880000E+05
     0.1172560E+07            0.166965000000E+15            0.867785900000E+05
     0.1172850E+07            0.165990000000E+15            0.867705380000E+05
     0.1173130E+07            0.164913000000E+15            0.867617240000E+05
     0.1173410E+07            0.163816000000E+15            0.867528370000E+05
     0.1173690E+07            0.162718000000E+15            0.867440370000E+05
     0.1173960E+07            0.161735000000E+15            0.867362480000E+05
     0.1174220E+07            0.160683000000E+15            0.867280130000E+05
     0.1174480E+07            0.159609000000E+15            0.867196990000E+05
     0.1174740E+07            0.158532000000E+15            0.867114800000E+05
     0.1175000E+07            0.157452000000E+15            0.867033560000E+05
     0.1175260E+07            0.156357000000E+15            0.866952490000E+05
     0.1175520E+07            0.155230000000E+15            0.866870400000E+05
     0.1175770E+07            0.154100000000E+15            0.866789540000E+05
     0.1176120E+07            0.151315000000E+15            0.866597270000E+05
     0.1176570E+07            0.149246000000E+15            0.866461300000E+05
     0.1177010E+07            0.147006000000E+15            0.866321360000E+05
     0.1177450E+07            0.144727000000E+15            0.866187050000E+05
     0.1177740E+07            0.145477000000E+15            0.866230450000E+05
     0.1177860E+07            0.144793000000E+15            0.866190830000E+05
     0.1177990E+07            0.144082000000E+15            0.866150640000E+05
     0.1178120E+07            0.143370000000E+15            0.866111190000E+05
     0.1178240E+07            0.142777000000E+15            0.866078970000E+05
     0.1178350E+07            0.142113000000E+15            0.866043630000E+05
     0.1178460E+07            0.141422000000E+15            0.866007620000E+05
     0.1178580E+07            0.140730000000E+15            0.865972320000E+05
     0.1178680E+07            0.140210000000E+15            0.865946280000E+05
     0.1178780E+07            0.139595000000E+15            0.865916100000E+05
     0.1178880E+07            0.138955000000E+15            0.865885350000E+05
     0.1178970E+07            0.138315000000E+15            0.865855190000E+05
     0.1179060E+07            0.137771000000E+15            0.865830060000E+05
     0.1179150E+07            0.137169000000E+15            0.865802780000E+05
     0.1179240E+07            0.136543000000E+15            0.865774990000E+05
     0.1179330E+07            0.135917000000E+15            0.865747720000E+05
     0.1179410E+07            0.135337000000E+15            0.865722990000E+05
     0.1179490E+07            0.134724000000E+15            0.865697290000E+05
     0.1179580E+07            0.134087000000E+15            0.865671110000E+05
     0.1179660E+07            0.133451000000E+15            0.865645410000E+05
     0.1179740E+07            0.132765000000E+15            0.865618270000E+05
     0.1179830E+07            0.132090000000E+15            0.865592080000E+05
     0.1179910E+07            0.131390000000E+15            0.865565390000E+05
     0.1180000E+07            0.130691000000E+15            0.865539180000E+05
     0.1180100E+07            0.129366000000E+15            0.865490710000E+05
     0.1180220E+07            0.128319000000E+15            0.865453300000E+05
     0.1180340E+07            0.127224000000E+15            0.865414960000E+05
     0.1180460E+07            0.126135000000E+15            0.865377450000E+05
     0.1180560E+07            0.125571000000E+15            0.865358230000E+05
     0.1180650E+07            0.124748000000E+15            0.865330370000E+05
     0.1180740E+07            0.123908000000E+15            0.865302190000E+05
     0.1180830E+07            0.123072000000E+15            0.865274300000E+05
     0.1180960E+07            0.120798000000E+15            0.865198930000E+05
     0.1181120E+07            0.119224000000E+15            0.865146920000E+05
     0.1181290E+07            0.117641000000E+15            0.865094520000E+05
     0.1181450E+07            0.116076000000E+15            0.865042460000E+05
     0.1181580E+07            0.115986000000E+15            0.865039460000E+05
     0.1181670E+07            0.115162000000E+15            0.865011890000E+05
     0.1181750E+07            0.114344000000E+15            0.864984420000E+05
     0.1181840E+07            0.113527000000E+15            0.864956850000E+05
     0.1181930E+07            0.112655000000E+15            0.864927280000E+05
     0.1182020E+07            0.111816000000E+15            0.864898660000E+05
     0.1182110E+07            0.110985000000E+15            0.864870200000E+05
     0.1182210E+07            0.110155000000E+15            0.864841590000E+05
     0.1182300E+07            0.109177000000E+15            0.864807730000E+05
     0.1182400E+07            0.108280000000E+15            0.864776450000E+05
     0.1182500E+07            0.107393000000E+15            0.864745370000E+05
     0.1182600E+07            0.106506000000E+15            0.864714100000E+05
     0.1182730E+07            0.104718000000E+15            0.864650600000E+05
     0.1182880E+07            0.103398000000E+15            0.864603290000E+05
     0.1183030E+07            0.102099000000E+15            0.864556400000E+05
     0.1183180E+07            0.100799000000E+15            0.864509140000E+05
     0.1183330E+07            0.995664000000E+14            0.864464070000E+05
     0.1183480E+07            0.983069000000E+14            0.864417750000E+05
     0.1183620E+07            0.970630000000E+14            0.864371760000E+05
     0.1183770E+07            0.958179000000E+14            0.864325480000E+05
     0.1183920E+07            0.946508000000E+14            0.864281910000E+05
     0.1184060E+07            0.934498000000E+14            0.864236860000E+05
     0.1184210E+07            0.922605000000E+14            0.864192060000E+05
     0.1184350E+07            0.910705000000E+14            0.864147050000E+05
     0.1184490E+07            0.899649000000E+14            0.864105070000E+05
     0.1184630E+07            0.888213000000E+14            0.864061490000E+05
     0.1184770E+07            0.876872000000E+14            0.864018100000E+05
     0.1184910E+07            0.865528000000E+14            0.863974530000E+05
     0.1185050E+07            0.855041000000E+14            0.863934120000E+05
     0.1185190E+07            0.844164000000E+14            0.863892050000E+05
     0.1185320E+07            0.833374000000E+14            0.863850150000E+05
     0.1185460E+07            0.822584000000E+14            0.863808100000E+05
     0.1185590E+07            0.812624000000E+14            0.863769140000E+05
     0.1185720E+07            0.802290000000E+14            0.863728550000E+05
     0.1185850E+07            0.792041000000E+14            0.863688140000E+05
     0.1185980E+07            0.781796000000E+14            0.863647570000E+05
     0.1186110E+07            0.772326000000E+14            0.863609910000E+05
     0.1186240E+07            0.762513000000E+14            0.863570710000E+05
     0.1186360E+07            0.752790000000E+14            0.863531700000E+05
     0.1186490E+07            0.743071000000E+14            0.863492510000E+05
     0.1186610E+07            0.734062000000E+14            0.863456010000E+05
     0.1186730E+07            0.724746000000E+14            0.863418080000E+05
     0.1186860E+07            0.715528000000E+14            0.863380340000E+05
     0.1186980E+07            0.706316000000E+14            0.863342420000E+05
     0.1187100E+07            0.697740000000E+14            0.863306920000E+05
     0.1187220E+07            0.688897000000E+14            0.863270100000E+05
     0.1187340E+07            0.680162000000E+14            0.863233500000E+05
     0.1187450E+07            0.671431000000E+14            0.863196700000E+05
     0.1187570E+07            0.663265000000E+14            0.863162050000E+05
     0.1187690E+07            0.654873000000E+14            0.863126210000E+05
     0.1187800E+07            0.646595000000E+14            0.863090620000E+05
     0.1187920E+07            0.638321000000E+14            0.863054790000E+05
     0.1188030E+07            0.630544000000E+14            0.863020870000E+05
     0.1188150E+07            0.622579000000E+14            0.862985870000E+05
     0.1188260E+07            0.614733000000E+14            0.862951130000E+05
     0.1188370E+07            0.606892000000E+14            0.862916140000E+05
     0.1188480E+07            0.599486000000E+14            0.862882830000E+05
     0.1188590E+07            0.591924000000E+14            0.862848540000E+05
     0.1188700E+07            0.584487000000E+14            0.862814540000E+05
     0.1188820E+07            0.577054000000E+14            0.862780260000E+05
     0.1188920E+07            0.570000000000E+14            0.862747450000E+05
     0.1189030E+07            0.562820000000E+14            0.862713760000E+05
     0.1189140E+07            0.555769000000E+14            0.862680380000E+05
     0.1189250E+07            0.548722000000E+14            0.862646700000E+05
     0.1189360E+07            0.542003000000E+14            0.862614300000E+05
     0.1189470E+07            0.535185000000E+14            0.862581110000E+05
     0.1189570E+07            0.528497000000E+14            0.862548240000E+05
     0.1189680E+07            0.521812000000E+14            0.862515060000E+05
     0.1189790E+07            0.515414000000E+14            0.862482990000E+05
     0.1189890E+07            0.508938000000E+14            0.862450200000E+05
     0.1190000E+07            0.502592000000E+14            0.862417760000E+05
     0.1190110E+07            0.496249000000E+14            0.862384990000E+05
     0.1190210E+07            0.490157000000E+14            0.862353190000E+05
     0.1190320E+07            0.484004000000E+14            0.862320740000E+05
     0.1190420E+07            0.477982000000E+14            0.862288640000E+05
     0.1190530E+07            0.471961000000E+14            0.862256200000E+05
     0.1190630E+07            0.466160000000E+14            0.862224620000E+05
     0.1190740E+07            0.460314000000E+14            0.862192440000E+05
     0.1190840E+07            0.454596000000E+14            0.862160620000E+05
     0.1190940E+07            0.448879000000E+14            0.862128460000E+05
     0.1191050E+07            0.443357000000E+14            0.862097050000E+05
     0.1191150E+07            0.437801000000E+14            0.862065090000E+05
     0.1191260E+07            0.432370000000E+14            0.862033500000E+05
     0.1191360E+07            0.426939000000E+14            0.862001550000E+05
     0.1191460E+07            0.421683000000E+14            0.861970280000E+05
     0.1191570E+07            0.416402000000E+14            0.861938500000E+05
     0.1191670E+07            0.411242000000E+14            0.861907090000E+05
     0.1191770E+07            0.406082000000E+14            0.861875320000E+05
     0.1191880E+07            0.401080000000E+14            0.861844160000E+05
     0.1191980E+07            0.396059000000E+14            0.861812520000E+05
     0.1192080E+07            0.391155000000E+14            0.861781260000E+05
     0.1192180E+07            0.386252000000E+14            0.861749640000E+05
     0.1192290E+07            0.381492000000E+14            0.861718580000E+05
     0.1192390E+07            0.376717000000E+14            0.861687050000E+05
     0.1192490E+07            0.372056000000E+14            0.861655920000E+05
     0.1192590E+07            0.367395000000E+14            0.861624410000E+05
     0.1192700E+07            0.362865000000E+14            0.861593430000E+05
     0.1192800E+07            0.358325000000E+14            0.861562010000E+05
     0.1192900E+07            0.353893000000E+14            0.861530980000E+05
     0.1193000E+07            0.349461000000E+14            0.861499570000E+05
     0.1193110E+07            0.345152000000E+14            0.861468670000E+05
     0.1193210E+07            0.340834000000E+14            0.861437340000E+05
     0.1193310E+07            0.336619000000E+14            0.861406400000E+05
     0.1193410E+07            0.332404000000E+14            0.861375080000E+05
     0.1193520E+07            0.328305000000E+14            0.861344260000E+05
     0.1193620E+07            0.324198000000E+14            0.861313010000E+05
     0.1193720E+07            0.320189000000E+14            0.861282150000E+05
     0.1193820E+07            0.316180000000E+14            0.861250920000E+05
     0.1193920E+07            0.312281000000E+14            0.861220180000E+05
     0.1194020E+07            0.308374000000E+14            0.861189010000E+05
     0.1194130E+07            0.304561000000E+14            0.861158230000E+05
     0.1194230E+07            0.300747000000E+14            0.861127080000E+05
     0.1194330E+07            0.297038000000E+14            0.861096430000E+05
     0.1194430E+07            0.293322000000E+14            0.861065350000E+05
     0.1194530E+07            0.289694000000E+14            0.861034650000E+05
     0.1194630E+07            0.286066000000E+14            0.861003590000E+05
     0.1194740E+07            0.282538000000E+14            0.860973030000E+05
     0.1194840E+07            0.279003000000E+14            0.860942040000E+05
     0.1194940E+07            0.275551000000E+14            0.860911430000E+05
     0.1195040E+07            0.272099000000E+14            0.860880460000E+05
     0.1195140E+07            0.268744000000E+14            0.860850010000E+05
     0.1195240E+07            0.265381000000E+14            0.860819130000E+05
     0.1195340E+07            0.262096000000E+14            0.860788620000E+05
     0.1195450E+07            0.258812000000E+14            0.860757750000E+05
     0.1195550E+07            0.255621000000E+14            0.860727420000E+05
     0.1195650E+07            0.252421000000E+14            0.860696650000E+05
     0.1195750E+07            0.249296000000E+14            0.860666250000E+05
     0.1195850E+07            0.246170000000E+14            0.860635490000E+05
     0.1195950E+07            0.243136000000E+14            0.860605300000E+05
     0.1196050E+07            0.240092000000E+14            0.860574660000E+05
     0.1196150E+07            0.237118000000E+14            0.860544380000E+05
     0.1196250E+07            0.234143000000E+14            0.860513750000E+05
     0.1196350E+07            0.231258000000E+14            0.860483710000E+05
     0.1196450E+07            0.228362000000E+14            0.860453210000E+05
     0.1196550E+07            0.225531000000E+14            0.860423070000E+05
     0.1196650E+07            0.222701000000E+14            0.860392590000E+05
     0.1196750E+07            0.219957000000E+14            0.860362720000E+05
     0.1196850E+07            0.217202000000E+14            0.860332380000E+05
     0.1196950E+07            0.214508000000E+14            0.860302390000E+05
     0.1197050E+07            0.211814000000E+14            0.860272070000E+05
     0.1197150E+07            0.209206000000E+14            0.860242380000E+05
     0.1197250E+07            0.206584000000E+14            0.860212220000E+05
     0.1197350E+07            0.204020000000E+14            0.860182400000E+05
     0.1197450E+07            0.201456000000E+14            0.860152250000E+05
     0.1197550E+07            0.198977000000E+14            0.860122780000E+05
     0.1197650E+07            0.196482000000E+14            0.860092800000E+05
     0.1197750E+07            0.194042000000E+14            0.860063170000E+05
     0.1197850E+07            0.191602000000E+14            0.860033220000E+05
     0.1197950E+07            0.189245000000E+14            0.860003960000E+05
     0.1198040E+07            0.186871000000E+14            0.859974200000E+05
     0.1198140E+07            0.184549000000E+14            0.859944780000E+05
     0.1198240E+07            0.182227000000E+14            0.859915030000E+05
     0.1198340E+07            0.179986000000E+14            0.859886020000E+05
     0.1198440E+07            0.177728000000E+14            0.859856490000E+05
     0.1198530E+07            0.175518000000E+14            0.859827290000E+05
     0.1198630E+07            0.173308000000E+14            0.859797770000E+05
     0.1198730E+07            0.171177000000E+14            0.859769020000E+05
     0.1198830E+07            0.169029000000E+14            0.859739730000E+05
     0.1198920E+07            0.166926000000E+14            0.859710770000E+05
     0.1199020E+07            0.164822000000E+14            0.859681500000E+05
     0.1199120E+07            0.162796000000E+14            0.859653020000E+05
     0.1199210E+07            0.160753000000E+14            0.859624000000E+05
     0.1199310E+07            0.158751000000E+14            0.859595290000E+05
     0.1199400E+07            0.156750000000E+14            0.859566280000E+05
     0.1199500E+07            0.154824000000E+14            0.859538100000E+05
     0.1199600E+07            0.152879000000E+14            0.859509360000E+05
     0.1199690E+07            0.150975000000E+14            0.859480920000E+05
     0.1199790E+07            0.149070000000E+14            0.859452190000E+05
     0.1199880E+07            0.147239000000E+14            0.859424310000E+05
     0.1199980E+07            0.145389000000E+14            0.859395870000E+05
     0.1200070E+07            0.143577000000E+14            0.859367720000E+05
     0.1200160E+07            0.141764000000E+14            0.859339290000E+05
     0.1200260E+07            0.140023000000E+14            0.859311730000E+05
     0.1200350E+07            0.138264000000E+14            0.859283600000E+05
     0.1200450E+07            0.136539000000E+14            0.859255750000E+05
     0.1200540E+07            0.134814000000E+14            0.859227640000E+05
     0.1200630E+07            0.133159000000E+14            0.859200410000E+05
     0.1200720E+07            0.131486000000E+14            0.859172600000E+05
     0.1200820E+07            0.129844000000E+14            0.859145080000E+05
     0.1200910E+07            0.128203000000E+14            0.859117280000E+05
     0.1201000E+07            0.126630000000E+14            0.859090400000E+05
     0.1201090E+07            0.125037000000E+14            0.859062940000E+05
     0.1201180E+07            0.123476000000E+14            0.859035740000E+05
     0.1201280E+07            0.121914000000E+14            0.859008290000E+05
     0.1201370E+07            0.120418000000E+14            0.858981770000E+05
     0.1201460E+07            0.118904000000E+14            0.858954650000E+05
     0.1201550E+07            0.117418000000E+14            0.858927800000E+05
     0.1201640E+07            0.115931000000E+14            0.858900700000E+05
     0.1201730E+07            0.114510000000E+14            0.858874550000E+05
     0.1201820E+07            0.113069000000E+14            0.858847800000E+05
     0.1201910E+07            0.111655000000E+14            0.858821310000E+05
     0.1202000E+07            0.110241000000E+14            0.858794570000E+05
     0.1202080E+07            0.108890000000E+14            0.858768800000E+05
     0.1202170E+07            0.107519000000E+14            0.858742420000E+05
     0.1202260E+07            0.106174000000E+14            0.858716300000E+05
     0.1202350E+07            0.104828000000E+14            0.858689940000E+05
     0.1202440E+07            0.103544000000E+14            0.858664550000E+05
     0.1202520E+07            0.102240000000E+14            0.858638560000E+05
     0.1202610E+07            0.100960000000E+14            0.858612810000E+05
     0.1202700E+07            0.996798000000E+13            0.858586840000E+05
     0.1202780E+07            0.984588000000E+13            0.858561850000E+05
     0.1202870E+07            0.972189000000E+13            0.858536250000E+05
     0.1202950E+07            0.960009000000E+13            0.858510890000E+05
     0.1203040E+07            0.947829000000E+13            0.858485310000E+05
     0.1203130E+07            0.936223000000E+13            0.858460720000E+05
     0.1203210E+07            0.924430000000E+13            0.858435530000E+05
     0.1203290E+07            0.912842000000E+13            0.858410560000E+05
     0.1203380E+07            0.901253000000E+13            0.858385380000E+05
     0.1203460E+07            0.890221000000E+13            0.858361200000E+05
     0.1203550E+07            0.879004000000E+13            0.858336420000E+05
     0.1203630E+07            0.867980000000E+13            0.858311850000E+05
     0.1203710E+07            0.856955000000E+13            0.858287080000E+05
     0.1203790E+07            0.846468000000E+13            0.858263320000E+05
     0.1203880E+07            0.835800000000E+13            0.858238940000E+05
     0.1203960E+07            0.825312000000E+13            0.858214790000E+05
     0.1204040E+07            0.814824000000E+13            0.858190430000E+05
     0.1204120E+07            0.804855000000E+13            0.858167080000E+05
     0.1204200E+07            0.794709000000E+13            0.858143130000E+05
     0.1204280E+07            0.784731000000E+13            0.858119390000E+05
     0.1204360E+07            0.774754000000E+13            0.858095450000E+05
     0.1204440E+07            0.765278000000E+13            0.858072530000E+05
     0.1204520E+07            0.755628000000E+13            0.858049000000E+05
     0.1204600E+07            0.746137000000E+13            0.858025670000E+05
     0.1204680E+07            0.736645000000E+13            0.858002150000E+05
     0.1204760E+07            0.727638000000E+13            0.857979660000E+05
     0.1204840E+07            0.718461000000E+13            0.857956560000E+05
     0.1204910E+07            0.709432000000E+13            0.857933650000E+05
     0.1204990E+07            0.700403000000E+13            0.857910560000E+05
     0.1205070E+07            0.691841000000E+13            0.857888490000E+05
     0.1205140E+07            0.683114000000E+13            0.857865820000E+05
     0.1205220E+07            0.674526000000E+13            0.857843340000E+05
     0.1205300E+07            0.665937000000E+13            0.857820680000E+05
     0.1205370E+07            0.657798000000E+13            0.857799040000E+05
     0.1205450E+07            0.649498000000E+13            0.857776800000E+05
     0.1205520E+07            0.641329000000E+13            0.857754740000E+05
     0.1205600E+07            0.633160000000E+13            0.857732510000E+05
     0.1205670E+07            0.625424000000E+13            0.857711290000E+05
     0.1205750E+07            0.617531000000E+13            0.857689490000E+05
     0.1205820E+07            0.609760000000E+13            0.857667850000E+05
     0.1205890E+07            0.601990000000E+13            0.857646050000E+05
     0.1205970E+07            0.594636000000E+13            0.857625270000E+05
     0.1206040E+07            0.587130000000E+13            0.857603890000E+05
     0.1206110E+07            0.579740000000E+13            0.857582690000E+05
     0.1206180E+07            0.572349000000E+13            0.857561320000E+05
     0.1206250E+07            0.565359000000E+13            0.857540960000E+05
     0.1206320E+07            0.558221000000E+13            0.857520010000E+05
     0.1206400E+07            0.551192000000E+13            0.857499230000E+05
     0.1206470E+07            0.544162000000E+13            0.857478290000E+05
     0.1206540E+07            0.537518000000E+13            0.857458360000E+05
     0.1206610E+07            0.530730000000E+13            0.857437840000E+05
     0.1206680E+07            0.524045000000E+13            0.857417490000E+05
     0.1206740E+07            0.517360000000E+13            0.857396980000E+05
     0.1206810E+07            0.511044000000E+13            0.857377460000E+05
     0.1206880E+07            0.504589000000E+13            0.857357370000E+05
     0.1206950E+07            0.498231000000E+13            0.857337440000E+05
     0.1207020E+07            0.491873000000E+13            0.857317360000E+05
     0.1207080E+07            0.485869000000E+13            0.857298260000E+05
     0.1207150E+07            0.479732000000E+13            0.857278600000E+05
     0.1207220E+07            0.473685000000E+13            0.857259080000E+05
     0.1207280E+07            0.467638000000E+13            0.857239420000E+05
     0.1207350E+07            0.461931000000E+13            0.857220740000E+05
     0.1207420E+07            0.456096000000E+13            0.857201500000E+05
     0.1207480E+07            0.450345000000E+13            0.857182400000E+05
     0.1207550E+07            0.444595000000E+13            0.857163160000E+05
     0.1207610E+07            0.439170000000E+13            0.857144880000E+05
     0.1207670E+07            0.433621000000E+13            0.857126060000E+05
     0.1207740E+07            0.428152000000E+13            0.857107370000E+05
     0.1207800E+07            0.422684000000E+13            0.857088550000E+05
     0.1207870E+07            0.417527000000E+13            0.857070680000E+05
     0.1207930E+07            0.412251000000E+13            0.857052260000E+05
     0.1207990E+07            0.407051000000E+13            0.857033990000E+05
     0.1208050E+07            0.401851000000E+13            0.857015580000E+05
     0.1208110E+07            0.396949000000E+13            0.856998100000E+05
     0.1208180E+07            0.391933000000E+13            0.856980090000E+05
     0.1208240E+07            0.386988000000E+13            0.856962220000E+05
     0.1208300E+07            0.382043000000E+13            0.856944210000E+05
     0.1208360E+07            0.377383000000E+13            0.856927130000E+05
     0.1208420E+07            0.372614000000E+13            0.856909520000E+05
     0.1208480E+07            0.367912000000E+13            0.856892040000E+05
     0.1208540E+07            0.363210000000E+13            0.856874440000E+05
     0.1208600E+07            0.358780000000E+13            0.856857740000E+05
     0.1208660E+07            0.354246000000E+13            0.856840520000E+05
     0.1208710E+07            0.349775000000E+13            0.856823430000E+05
     0.1208770E+07            0.345305000000E+13            0.856806220000E+05
     0.1208830E+07            0.341094000000E+13            0.856789900000E+05
     0.1208890E+07            0.336782000000E+13            0.856773070000E+05
     0.1208950E+07            0.332532000000E+13            0.856756370000E+05
     0.1209000E+07            0.328281000000E+13            0.856739540000E+05
     0.1209060E+07            0.324278000000E+13            0.856723590000E+05
     0.1209120E+07            0.320179000000E+13            0.856707140000E+05
     0.1209170E+07            0.316138000000E+13            0.856690810000E+05
     0.1209230E+07            0.312097000000E+13            0.856674360000E+05
     0.1209280E+07            0.308291000000E+13            0.856658770000E+05
     0.1209340E+07            0.304394000000E+13            0.856642690000E+05
     0.1209390E+07            0.300552000000E+13            0.856626730000E+05
     0.1209450E+07            0.296710000000E+13            0.856610650000E+05
     0.1209500E+07            0.293092000000E+13            0.856595410000E+05
     0.1209560E+07            0.289387000000E+13            0.856579690000E+05
     0.1209610E+07            0.285735000000E+13            0.856564090000E+05
     0.1209660E+07            0.282082000000E+13            0.856548380000E+05
     0.1209720E+07            0.278642000000E+13            0.856533480000E+05
     0.1209770E+07            0.275120000000E+13            0.856518110000E+05
     0.1209820E+07            0.271648000000E+13            0.856502860000E+05
     0.1209870E+07            0.268176000000E+13            0.856487500000E+05
     0.1209920E+07            0.264906000000E+13            0.856472940000E+05
     0.1209980E+07            0.261558000000E+13            0.856457920000E+05
     0.1210030E+07            0.258257000000E+13            0.856443010000E+05
     0.1210080E+07            0.254956000000E+13            0.856427990000E+05
     0.1210130E+07            0.251847000000E+13            0.856413750000E+05
     0.1210180E+07            0.248664000000E+13            0.856399060000E+05
     0.1210230E+07            0.245526000000E+13            0.856384480000E+05
     0.1210280E+07            0.242389000000E+13            0.856369800000E+05
     0.1210330E+07            0.239433000000E+13            0.856355870000E+05
     0.1210380E+07            0.236407000000E+13            0.856341510000E+05
     0.1210430E+07            0.233425000000E+13            0.856327260000E+05
     0.1210480E+07            0.230443000000E+13            0.856312900000E+05
     0.1210530E+07            0.227632000000E+13            0.856299270000E+05
     0.1210570E+07            0.224755000000E+13            0.856285230000E+05
     0.1210620E+07            0.221920000000E+13            0.856271290000E+05
     0.1210670E+07            0.219086000000E+13            0.856257240000E+05
     0.1210720E+07            0.216413000000E+13            0.856243910000E+05
     0.1210760E+07            0.213679000000E+13            0.856230170000E+05
     0.1210810E+07            0.210985000000E+13            0.856216530000E+05
     0.1210860E+07            0.208291000000E+13            0.856202790000E+05
     0.1210900E+07            0.205749000000E+13            0.856189740000E+05
     0.1210950E+07            0.203150000000E+13            0.856176290000E+05
     0.1211000E+07            0.200589000000E+13            0.856162940000E+05
     0.1211040E+07            0.198029000000E+13            0.856149500000E+05
     0.1211090E+07            0.195612000000E+13            0.856136720000E+05
     0.1211130E+07            0.193141000000E+13            0.856123550000E+05
     0.1211180E+07            0.190707000000E+13            0.856110490000E+05
     0.1211220E+07            0.188274000000E+13            0.856097330000E+05
     0.1211270E+07            0.185976000000E+13            0.856084810000E+05
     0.1211310E+07            0.183627000000E+13            0.856071920000E+05
     0.1211360E+07            0.181314000000E+13            0.856059120000E+05
     0.1211400E+07            0.179001000000E+13            0.856046240000E+05
     0.1211440E+07            0.176816000000E+13            0.856033970000E+05
     0.1211490E+07            0.174583000000E+13            0.856021340000E+05
     0.1211530E+07            0.172385000000E+13            0.856008810000E+05
     0.1211570E+07            0.170187000000E+13            0.855996180000E+05
     0.1211620E+07            0.168109000000E+13            0.855984160000E+05
     0.1211660E+07            0.165987000000E+13            0.855971780000E+05
     0.1211700E+07            0.163897000000E+13            0.855959500000E+05
     0.1211740E+07            0.161808000000E+13            0.855947130000E+05
     0.1211790E+07            0.159832000000E+13            0.855935340000E+05
     0.1211830E+07            0.157815000000E+13            0.855923210000E+05
     0.1211870E+07            0.155829000000E+13            0.855911170000E+05
     0.1211910E+07            0.153844000000E+13            0.855899040000E+05
     0.1211950E+07            0.151964000000E+13            0.855887470000E+05
     0.1211990E+07            0.150047000000E+13            0.855875570000E+05
     0.1212030E+07            0.148160000000E+13            0.855863760000E+05
     0.1212070E+07            0.146273000000E+13            0.855851860000E+05
     0.1212110E+07            0.144485000000E+13            0.855840500000E+05
     0.1212150E+07            0.142663000000E+13            0.855828830000E+05
     0.1212200E+07            0.140869000000E+13            0.855817250000E+05
     0.1212240E+07            0.139076000000E+13            0.855805570000E+05
     0.1212270E+07            0.137376000000E+13            0.855794420000E+05
     0.1212310E+07            0.135643000000E+13            0.855782950000E+05
     0.1212350E+07            0.133939000000E+13            0.855771580000E+05
     0.1212390E+07            0.132235000000E+13            0.855760120000E+05
     0.1212430E+07            0.130618000000E+13            0.855749160000E+05
     0.1212470E+07            0.128971000000E+13            0.855737910000E+05
     0.1212510E+07            0.127351000000E+13            0.855726740000E+05
     0.1212550E+07            0.125731000000E+13            0.855715490000E+05
     0.1212590E+07            0.124194000000E+13            0.855704710000E+05
     0.1212620E+07            0.122628000000E+13            0.855693650000E+05
     0.1212660E+07            0.121088000000E+13            0.855682680000E+05
     0.1212700E+07            0.119549000000E+13            0.855671630000E+05
     0.1212740E+07            0.118087000000E+13            0.855661030000E+05
     0.1212780E+07            0.116598000000E+13            0.855650160000E+05
     0.1212810E+07            0.115135000000E+13            0.855639380000E+05
     0.1212850E+07            0.113671000000E+13            0.855628510000E+05
     0.1212890E+07            0.112281000000E+13            0.855618100000E+05
     0.1212920E+07            0.110866000000E+13            0.855607410000E+05
     0.1212960E+07            0.109475000000E+13            0.855596810000E+05
     0.1213000E+07            0.108084000000E+13            0.855586120000E+05
     0.1213030E+07            0.106761000000E+13            0.855575870000E+05
     0.1213070E+07            0.105416000000E+13            0.855565360000E+05
     0.1213110E+07            0.104093000000E+13            0.855554930000E+05
     0.1213140E+07            0.102771000000E+13            0.855544420000E+05
     0.1213180E+07            0.101514000000E+13            0.855534340000E+05
     0.1213210E+07            0.100234000000E+13            0.855524000000E+05
     0.1213250E+07            0.989770000000E+12            0.855513740000E+05
     0.1213290E+07            0.977197000000E+12            0.855503400000E+05
     0.1213320E+07            0.965239000000E+12            0.855493490000E+05
     0.1213360E+07            0.953076000000E+12            0.855483310000E+05
     0.1213390E+07            0.941120000000E+12            0.855473230000E+05
     0.1213430E+07            0.929163000000E+12            0.855463050000E+05
     0.1213460E+07            0.917794000000E+12            0.855453300000E+05
     0.1213490E+07            0.906227000000E+12            0.855443290000E+05
     0.1213530E+07            0.894856000000E+12            0.855433370000E+05
     0.1213560E+07            0.883485000000E+12            0.855423360000E+05
     0.1213600E+07            0.872676000000E+12            0.855413770000E+05
     0.1213630E+07            0.861676000000E+12            0.855403930000E+05
     0.1213670E+07            0.850860000000E+12            0.855394180000E+05
     0.1213700E+07            0.840045000000E+12            0.855384340000E+05
     0.1213730E+07            0.829769000000E+12            0.855374910000E+05
     0.1213770E+07            0.819308000000E+12            0.855365240000E+05
     0.1213800E+07            0.809020000000E+12            0.855355640000E+05
     0.1213830E+07            0.798733000000E+12            0.855345970000E+05
     0.1213870E+07            0.788965000000E+12            0.855336710000E+05
     0.1213900E+07            0.779017000000E+12            0.855327200000E+05
     0.1213930E+07            0.769235000000E+12            0.855317770000E+05
     0.1213960E+07            0.759454000000E+12            0.855308270000E+05
     0.1214000E+07            0.750166000000E+12            0.855299160000E+05
     0.1214030E+07            0.740711000000E+12            0.855289820000E+05
     0.1214060E+07            0.731416000000E+12            0.855280550000E+05
     0.1214090E+07            0.722125000000E+12            0.855271200000E+05
     0.1214130E+07            0.713291000000E+12            0.855262230000E+05
     0.1214160E+07            0.704309000000E+12            0.855253030000E+05
     0.1214190E+07            0.695493000000E+12            0.855243910000E+05
     0.1214220E+07            0.686684000000E+12            0.855234710000E+05
     0.1214250E+07            0.678272000000E+12            0.855225830000E+05
     0.1214280E+07            0.669754000000E+12            0.855216740000E+05
     0.1214320E+07            0.661417000000E+12            0.855207740000E+05
     0.1214350E+07            0.653092000000E+12            0.855198640000E+05
     0.1214380E+07            0.645068000000E+12            0.855189760000E+05
     0.1214410E+07            0.637006000000E+12            0.855180710000E+05
     0.1214440E+07            0.629161000000E+12            0.855171770000E+05
     0.1214470E+07            0.621334000000E+12            0.855162710000E+05
     0.1214500E+07            0.613658000000E+12            0.855153670000E+05
     0.1214530E+07            0.606052000000E+12            0.855144540000E+05
     0.1214560E+07            0.598718000000E+12            0.855135570000E+05
     0.1214600E+07            0.591408000000E+12            0.855126430000E+05
     0.1214620E+07            0.588015000000E+12            0.855122120000E+05
     0.1214650E+07            0.582698000000E+12            0.855115260000E+05
     0.1214670E+07            0.577563000000E+12            0.855108510000E+05
     0.1214690E+07            0.572439000000E+12            0.855101650000E+05
     0.1214720E+07            0.568119000000E+12            0.855095750000E+05
     0.1214740E+07            0.563479000000E+12            0.855089300000E+05
     0.1214760E+07            0.559015000000E+12            0.855082970000E+05
     0.1214780E+07            0.554558000000E+12            0.855076520000E+05
     0.1214810E+07            0.550546000000E+12            0.855070580000E+05
     0.1214830E+07            0.546396000000E+12            0.855064320000E+05
     0.1214850E+07            0.542418000000E+12            0.855058190000E+05
     0.1214870E+07            0.538443000000E+12            0.855051920000E+05
     0.1214890E+07            0.534532000000E+12            0.855045620000E+05
     0.1214910E+07            0.530681000000E+12            0.855039270000E+05
     0.1214940E+07            0.527003000000E+12            0.855033060000E+05
     0.1214960E+07            0.523327000000E+12            0.855026710000E+05
     0.1214980E+07            0.519379000000E+12            0.855019730000E+05
     0.1215000E+07            0.515672000000E+12            0.855012990000E+05
     0.1215030E+07            0.512145000000E+12            0.855006430000E+05
     0.1215050E+07            0.508618000000E+12            0.854999700000E+05
     0.1215070E+07            0.504456000000E+12            0.854991530000E+05
     0.1215100E+07            0.500738000000E+12            0.854984030000E+05
     0.1215120E+07            0.497220000000E+12            0.854976730000E+05
     0.1215150E+07            0.493698000000E+12            0.854969230000E+05
     0.1215180E+07            0.488913000000E+12            0.854958700000E+05
     0.1215210E+07            0.484934000000E+12            0.854949640000E+05
     0.1215240E+07            0.481201000000E+12            0.854940870000E+05
     0.1215270E+07            0.477459000000E+12            0.854931820000E+05
     0.1215310E+07            0.469407000000E+12            0.854911380000E+05
     0.1215360E+07            0.463961000000E+12            0.854896780000E+05
     0.1215410E+07            0.458995000000E+12            0.854882880000E+05
     0.1215460E+07            0.453995000000E+12            0.854868310000E+05
     0.1215510E+07            0.451534000000E+12            0.854860920000E+05
     0.1215540E+07            0.447824000000E+12            0.854849490000E+05
     0.1215580E+07            0.444336000000E+12            0.854838430000E+05
     0.1215620E+07            0.440834000000E+12            0.854827010000E+05
     0.1215660E+07            0.437293000000E+12            0.854815150000E+05
     0.1215700E+07            0.433871000000E+12            0.854803360000E+05
     0.1215740E+07            0.430631000000E+12            0.854791920000E+05
     0.1215780E+07            0.427379000000E+12            0.854780150000E+05
     0.1215830E+07            0.423771000000E+12            0.854766750000E+05
     0.1215870E+07            0.420437000000E+12            0.854754050000E+05
     0.1215910E+07            0.417266000000E+12            0.854741680000E+05
     0.1215960E+07            0.414085000000E+12            0.854729000000E+05
     0.1216000E+07            0.410395000000E+12            0.854713940000E+05
     0.1216050E+07            0.407051000000E+12            0.854699960000E+05
     0.1216100E+07            0.403859000000E+12            0.854686330000E+05
     0.1216150E+07            0.400655000000E+12            0.854672370000E+05
     0.1216200E+07            0.396832000000E+12            0.854655350000E+05
     0.1216250E+07            0.393407000000E+12            0.854639760000E+05
     0.1216310E+07            0.390125000000E+12            0.854624520000E+05
     0.1216360E+07            0.386832000000E+12            0.854608950000E+05
     0.1216430E+07            0.380505000000E+12            0.854578240000E+05
     0.1216510E+07            0.375888000000E+12            0.854555190000E+05
     0.1216590E+07            0.371495000000E+12            0.854532770000E+05
     0.1216670E+07            0.367078000000E+12            0.854509760000E+05
     0.1216750E+07            0.362412000000E+12            0.854484950000E+05
     0.1216830E+07            0.357962000000E+12            0.854460840000E+05
     0.1216910E+07            0.353684000000E+12            0.854437240000E+05
     0.1217000E+07            0.349389000000E+12            0.854413160000E+05
     0.1217080E+07            0.344999000000E+12            0.854388150000E+05
     0.1217170E+07            0.340723000000E+12            0.854363420000E+05
     0.1217250E+07            0.336577000000E+12            0.854339110000E+05
     0.1217340E+07            0.332420000000E+12            0.854314410000E+05
     0.1217430E+07            0.328283000000E+12            0.854289520000E+05
     0.1217510E+07            0.324186000000E+12            0.854264560000E+05
     0.1217600E+07            0.320190000000E+12            0.854239950000E+05
     0.1217690E+07            0.316187000000E+12            0.854215010000E+05
     0.1217770E+07            0.312280000000E+12            0.854190420000E+05
     0.1217860E+07            0.308364000000E+12            0.854165520000E+05
     0.1217950E+07            0.304531000000E+12            0.854140890000E+05
     0.1218030E+07            0.300693000000E+12            0.854116010000E+05
     0.1218120E+07            0.296995000000E+12            0.854091800000E+05
     0.1218210E+07            0.293261000000E+12            0.854067140000E+05
     0.1218290E+07            0.289597000000E+12            0.854042720000E+05
     0.1218380E+07            0.285931000000E+12            0.854018070000E+05
     0.1218460E+07            0.282424000000E+12            0.853994270000E+05
     0.1218550E+07            0.278869000000E+12            0.853969940000E+05
     0.1218630E+07            0.275376000000E+12            0.853945840000E+05
     0.1218720E+07            0.271884000000E+12            0.853921510000E+05
     0.1218800E+07            0.268554000000E+12            0.853898120000E+05
     0.1218890E+07            0.265171000000E+12            0.853874160000E+05
     0.1218970E+07            0.261849000000E+12            0.853850420000E+05
     0.1219050E+07            0.258526000000E+12            0.853826460000E+05
     0.1219140E+07            0.255361000000E+12            0.853803440000E+05
     0.1219220E+07            0.252146000000E+12            0.853779850000E+05
     0.1219300E+07            0.248988000000E+12            0.853756470000E+05
     0.1219380E+07            0.245831000000E+12            0.853732890000E+05
     0.1219470E+07            0.242820000000E+12            0.853710200000E+05
     0.1219550E+07            0.239764000000E+12            0.853686950000E+05
     0.1219630E+07            0.236764000000E+12            0.853663930000E+05
     0.1219710E+07            0.233765000000E+12            0.853640690000E+05
     0.1219790E+07            0.230901000000E+12            0.853618290000E+05
     0.1219870E+07            0.227997000000E+12            0.853595360000E+05
     0.1219950E+07            0.225148000000E+12            0.853572650000E+05
     0.1220030E+07            0.222300000000E+12            0.853549730000E+05
     0.1220110E+07            0.219574000000E+12            0.853527580000E+05
     0.1220190E+07            0.216814000000E+12            0.853504940000E+05
     0.1220270E+07            0.214108000000E+12            0.853482520000E+05
     0.1220350E+07            0.211403000000E+12            0.853459880000E+05
     0.1220430E+07            0.208809000000E+12            0.853437960000E+05
     0.1220510E+07            0.206186000000E+12            0.853415560000E+05
     0.1220580E+07            0.203616000000E+12            0.853393400000E+05
     0.1220660E+07            0.201047000000E+12            0.853371020000E+05
     0.1220740E+07            0.198578000000E+12            0.853349290000E+05
     0.1220820E+07            0.196085000000E+12            0.853327120000E+05
     0.1220900E+07            0.193643000000E+12            0.853305180000E+05
     0.1220970E+07            0.191202000000E+12            0.853283020000E+05
     0.1221050E+07            0.188853000000E+12            0.853261480000E+05
     0.1221130E+07            0.186483000000E+12            0.853239510000E+05
     0.1221210E+07            0.184163000000E+12            0.853217780000E+05
     0.1221280E+07            0.181843000000E+12            0.853195820000E+05
     0.1221360E+07            0.179608000000E+12            0.853174440000E+05
     0.1221440E+07            0.177355000000E+12            0.853152650000E+05
     0.1221510E+07            0.175149000000E+12            0.853131100000E+05
     0.1221590E+07            0.172944000000E+12            0.853109330000E+05
     0.1221670E+07            0.170818000000E+12            0.853088100000E+05
     0.1221740E+07            0.168675000000E+12            0.853066490000E+05
     0.1221820E+07            0.166579000000E+12            0.853045110000E+05
     0.1221890E+07            0.164483000000E+12            0.853023500000E+05
     0.1221970E+07            0.162460000000E+12            0.853002430000E+05
     0.1222040E+07            0.160422000000E+12            0.852980970000E+05
     0.1222120E+07            0.158429000000E+12            0.852959760000E+05
     0.1222200E+07            0.156436000000E+12            0.852938310000E+05
     0.1222270E+07            0.154512000000E+12            0.852917380000E+05
     0.1222350E+07            0.152574000000E+12            0.852896080000E+05
     0.1222420E+07            0.150679000000E+12            0.852875010000E+05
     0.1222500E+07            0.148783000000E+12            0.852853720000E+05
     0.1222570E+07            0.146953000000E+12            0.852832930000E+05
     0.1222650E+07            0.145110000000E+12            0.852811780000E+05
     0.1222720E+07            0.143308000000E+12            0.852790860000E+05
     0.1222790E+07            0.141505000000E+12            0.852769720000E+05
     0.1222870E+07            0.139764000000E+12            0.852749070000E+05
     0.1222940E+07            0.138012000000E+12            0.852728070000E+05
     0.1223020E+07            0.136297000000E+12            0.852707300000E+05
     0.1223090E+07            0.134583000000E+12            0.852686300000E+05
     0.1223160E+07            0.132927000000E+12            0.852665810000E+05
     0.1223240E+07            0.131260000000E+12            0.852644950000E+05
     0.1223310E+07            0.129629000000E+12            0.852624330000E+05
     0.1223390E+07            0.127998000000E+12            0.852603480000E+05
     0.1223460E+07            0.126424000000E+12            0.852583130000E+05
     0.1223530E+07            0.124838000000E+12            0.852562420000E+05
     0.1223600E+07            0.123287000000E+12            0.852541950000E+05
     0.1223680E+07            0.121736000000E+12            0.852521250000E+05
     0.1223750E+07            0.120238000000E+12            0.852501050000E+05
     0.1223820E+07            0.118730000000E+12            0.852480500000E+05
     0.1223900E+07            0.117255000000E+12            0.852460170000E+05
     0.1223970E+07            0.115779000000E+12            0.852439620000E+05
     0.1224040E+07            0.114355000000E+12            0.852419580000E+05
     0.1224110E+07            0.112920000000E+12            0.852399180000E+05
     0.1224190E+07            0.111517000000E+12            0.852379010000E+05
     0.1224260E+07            0.110113000000E+12            0.852358620000E+05
     0.1224330E+07            0.108759000000E+12            0.852338740000E+05
     0.1224400E+07            0.107394000000E+12            0.852318500000E+05
     0.1224470E+07            0.106059000000E+12            0.852298480000E+05
     0.1224540E+07            0.104723000000E+12            0.852278240000E+05
     0.1224620E+07            0.103436000000E+12            0.852258530000E+05
     0.1224690E+07            0.102138000000E+12            0.852238450000E+05
     0.1224760E+07            0.100867000000E+12            0.852218590000E+05
     0.1224830E+07            0.995969000000E+11            0.852198520000E+05
     0.1224900E+07            0.983725000000E+11            0.852178980000E+05
     0.1224970E+07            0.971380000000E+11            0.852159070000E+05
     0.1225040E+07            0.959294000000E+11            0.852139370000E+05
     0.1225110E+07            0.947208000000E+11            0.852119470000E+05
     0.1225180E+07            0.935565000000E+11            0.852100100000E+05
     0.1225250E+07            0.923823000000E+11            0.852080360000E+05
     0.1225320E+07            0.912325000000E+11            0.852060830000E+05
     0.1225390E+07            0.900827000000E+11            0.852041090000E+05
     0.1225460E+07            0.889756000000E+11            0.852021900000E+05
     0.1225530E+07            0.878587000000E+11            0.852002330000E+05
     0.1225600E+07            0.867650000000E+11            0.851982980000E+05
     0.1225670E+07            0.856712000000E+11            0.851963420000E+05
     0.1225740E+07            0.846185000000E+11            0.851944400000E+05
     0.1225810E+07            0.835561000000E+11            0.851925020000E+05
     0.1225880E+07            0.825156000000E+11            0.851905840000E+05
     0.1225950E+07            0.814751000000E+11            0.851886460000E+05
     0.1226020E+07            0.804741000000E+11            0.851867630000E+05
     0.1226080E+07            0.794636000000E+11            0.851848420000E+05
     0.1226150E+07            0.784738000000E+11            0.851829420000E+05
     0.1226220E+07            0.774840000000E+11            0.851810220000E+05
     0.1226290E+07            0.765322000000E+11            0.851791580000E+05
     0.1226360E+07            0.755711000000E+11            0.851772560000E+05
     0.1226420E+07            0.746295000000E+11            0.851753740000E+05
     0.1226490E+07            0.736879000000E+11            0.851734730000E+05
     0.1226560E+07            0.727829000000E+11            0.851716270000E+05
     0.1226630E+07            0.718687000000E+11            0.851697450000E+05
     0.1226690E+07            0.709731000000E+11            0.851678810000E+05
     0.1226760E+07            0.700774000000E+11            0.851659990000E+05
     0.1226830E+07            0.692168000000E+11            0.851641730000E+05
     0.1226890E+07            0.683473000000E+11            0.851623090000E+05
     0.1226960E+07            0.674953000000E+11            0.851604640000E+05
     0.1227030E+07            0.666433000000E+11            0.851586010000E+05
     0.1227090E+07            0.658250000000E+11            0.851567940000E+05
     0.1227160E+07            0.649981000000E+11            0.851549500000E+05
     0.1227220E+07            0.641876000000E+11            0.851531250000E+05
     0.1227290E+07            0.633772000000E+11            0.851512810000E+05
     0.1227350E+07            0.625991000000E+11            0.851494930000E+05
     0.1227420E+07            0.618126000000E+11            0.851476690000E+05
     0.1227480E+07            0.610417000000E+11            0.851458630000E+05
     0.1227550E+07            0.602708000000E+11            0.851440390000E+05
     0.1227610E+07            0.595309000000E+11            0.851422710000E+05
     0.1227680E+07            0.587829000000E+11            0.851404660000E+05
     0.1227740E+07            0.580496000000E+11            0.851386790000E+05
     0.1227810E+07            0.573163000000E+11            0.851368750000E+05
     0.1227870E+07            0.566128000000E+11            0.851351270000E+05
     0.1227940E+07            0.559014000000E+11            0.851333420000E+05
     0.1228000E+07            0.552039000000E+11            0.851315750000E+05
     0.1228060E+07            0.545064000000E+11            0.851297910000E+05
     0.1228130E+07            0.538375000000E+11            0.851280630000E+05
     0.1228190E+07            0.531608000000E+11            0.851262980000E+05
     0.1228250E+07            0.524974000000E+11            0.851245510000E+05
     0.1228320E+07            0.518340000000E+11            0.851227870000E+05
     0.1228380E+07            0.511979000000E+11            0.851210790000E+05
     0.1228440E+07            0.505544000000E+11            0.851193340000E+05
     0.1228500E+07            0.499234000000E+11            0.851176070000E+05
     0.1228570E+07            0.492924000000E+11            0.851158630000E+05
     0.1228630E+07            0.486876000000E+11            0.851141750000E+05
     0.1228690E+07            0.480756000000E+11            0.851124500000E+05
     0.1228750E+07            0.474754000000E+11            0.851107430000E+05
     0.1228810E+07            0.468753000000E+11            0.851090190000E+05
     0.1228870E+07            0.463001000000E+11            0.851073510000E+05
     0.1228940E+07            0.457181000000E+11            0.851056470000E+05
     0.1229000E+07            0.451473000000E+11            0.851039600000E+05
     0.1229060E+07            0.445765000000E+11            0.851022560000E+05
     0.1229120E+07            0.440296000000E+11            0.851006080000E+05
     0.1229180E+07            0.434760000000E+11            0.850989240000E+05
     0.1229240E+07            0.429331000000E+11            0.850972570000E+05
     0.1229300E+07            0.423902000000E+11            0.850955740000E+05
     0.1229360E+07            0.418702000000E+11            0.850939460000E+05
     0.1229420E+07            0.413438000000E+11            0.850922820000E+05
     0.1229480E+07            0.408274000000E+11            0.850906350000E+05
     0.1229540E+07            0.403111000000E+11            0.850889720000E+05
     0.1229600E+07            0.398166000000E+11            0.850873640000E+05
     0.1229660E+07            0.393159000000E+11            0.850857210000E+05
     0.1229720E+07            0.388248000000E+11            0.850840940000E+05
     0.1229780E+07            0.383337000000E+11            0.850824510000E+05
     0.1229830E+07            0.378636000000E+11            0.850808630000E+05
     0.1229890E+07            0.373874000000E+11            0.850792400000E+05
     0.1229950E+07            0.369204000000E+11            0.850776330000E+05
     0.1230010E+07            0.364533000000E+11            0.850760100000E+05
     0.1230070E+07            0.360062000000E+11            0.850744420000E+05
     0.1230120E+07            0.355534000000E+11            0.850728390000E+05
     0.1230180E+07            0.351092000000E+11            0.850712520000E+05
     0.1230240E+07            0.346650000000E+11            0.850696490000E+05
     0.1230300E+07            0.342399000000E+11            0.850681010000E+05
     0.1230350E+07            0.338093000000E+11            0.850665180000E+05
     0.1230410E+07            0.333868000000E+11            0.850649510000E+05
     0.1230470E+07            0.329644000000E+11            0.850633680000E+05
     0.1230520E+07            0.325601000000E+11            0.850618400000E+05
     0.1230580E+07            0.321506000000E+11            0.850602770000E+05
     0.1230640E+07            0.317489000000E+11            0.850587290000E+05
     0.1230690E+07            0.313471000000E+11            0.850571660000E+05
     0.1230750E+07            0.309627000000E+11            0.850556570000E+05
     0.1230800E+07            0.305733000000E+11            0.850541140000E+05
     0.1230860E+07            0.301912000000E+11            0.850525860000E+05
     0.1230920E+07            0.298091000000E+11            0.850510440000E+05
     0.1230970E+07            0.294436000000E+11            0.850495540000E+05
     0.1231030E+07            0.290732000000E+11            0.850480310000E+05
     0.1231080E+07            0.287098000000E+11            0.850465220000E+05
     0.1231140E+07            0.283464000000E+11            0.850449990000E+05
     0.1231190E+07            0.279989000000E+11            0.850435290000E+05
     0.1231240E+07            0.276467000000E+11            0.850420250000E+05
     0.1231300E+07            0.273011000000E+11            0.850405360000E+05
     0.1231350E+07            0.269555000000E+11            0.850390330000E+05
     0.1231410E+07            0.266250000000E+11            0.850375820000E+05
     0.1231460E+07            0.262901000000E+11            0.850360980000E+05
     0.1231510E+07            0.259615000000E+11            0.850346280000E+05
     0.1231570E+07            0.256328000000E+11            0.850331440000E+05
     0.1231620E+07            0.253186000000E+11            0.850317120000E+05
     0.1231670E+07            0.250000000000E+11            0.850302470000E+05
     0.1231730E+07            0.246875000000E+11            0.850287960000E+05
     0.1231780E+07            0.243750000000E+11            0.850273320000E+05
     0.1231830E+07            0.240761000000E+11            0.850259190000E+05
     0.1231880E+07            0.237732000000E+11            0.850244730000E+05
     0.1231940E+07            0.234760000000E+11            0.850230410000E+05
     0.1231990E+07            0.231788000000E+11            0.850215960000E+05
     0.1232040E+07            0.228946000000E+11            0.850202010000E+05
     0.1232090E+07            0.226066000000E+11            0.850187750000E+05
     0.1232140E+07            0.223239000000E+11            0.850173610000E+05
     0.1232190E+07            0.220413000000E+11            0.850159350000E+05
     0.1232250E+07            0.217711000000E+11            0.850145590000E+05
     0.1232300E+07            0.214972000000E+11            0.850131510000E+05
     0.1232350E+07            0.212284000000E+11            0.850117570000E+05
     0.1232400E+07            0.209596000000E+11            0.850103490000E+05
     0.1232450E+07            0.207026000000E+11            0.850089920000E+05
     0.1232500E+07            0.204422000000E+11            0.850076030000E+05
     0.1232550E+07            0.201865000000E+11            0.850062270000E+05
     0.1232600E+07            0.199309000000E+11            0.850048380000E+05
     0.1232650E+07            0.196866000000E+11            0.850034980000E+05
     0.1232700E+07            0.194389000000E+11            0.850021280000E+05
     0.1232750E+07            0.191958000000E+11            0.850007700000E+05
     0.1232800E+07            0.189527000000E+11            0.849994000000E+05
     0.1232850E+07            0.187204000000E+11            0.849980780000E+05
     0.1232900E+07            0.184849000000E+11            0.849967260000E+05
     0.1232950E+07            0.182537000000E+11            0.849953860000E+05
     0.1232990E+07            0.180225000000E+11            0.849940340000E+05
     0.1233040E+07            0.178016000000E+11            0.849927300000E+05
     0.1233090E+07            0.175776000000E+11            0.849913960000E+05
     0.1233140E+07            0.173578000000E+11            0.849900740000E+05
     0.1233190E+07            0.171379000000E+11            0.849887400000E+05
     0.1233240E+07            0.169279000000E+11            0.849874540000E+05
     0.1233280E+07            0.167149000000E+11            0.849861380000E+05
     0.1233330E+07            0.165058000000E+11            0.849848340000E+05
     0.1233380E+07            0.162968000000E+11            0.849835180000E+05
     0.1233430E+07            0.160970000000E+11            0.849822490000E+05
     0.1233470E+07            0.158945000000E+11            0.849809500000E+05
     0.1233520E+07            0.156957000000E+11            0.849796640000E+05
     0.1233570E+07            0.154969000000E+11            0.849783660000E+05
     0.1233610E+07            0.153069000000E+11            0.849771140000E+05
     0.1233660E+07            0.151143000000E+11            0.849758330000E+05
     0.1233710E+07            0.149253000000E+11            0.849745640000E+05
     0.1233750E+07            0.147362000000E+11            0.849732830000E+05
     0.1233800E+07            0.145556000000E+11            0.849720490000E+05
     0.1233850E+07            0.143724000000E+11            0.849707850000E+05
     0.1233890E+07            0.141926000000E+11            0.849695330000E+05
     0.1233940E+07            0.140129000000E+11            0.849682700000E+05
     0.1233980E+07            0.138411000000E+11            0.849670520000E+05
     0.1234030E+07            0.136670000000E+11            0.849658050000E+05
     0.1234070E+07            0.134960000000E+11            0.849645700000E+05
     0.1234120E+07            0.133250000000E+11            0.849633240000E+05
     0.1234160E+07            0.131617000000E+11            0.849621230000E+05
     0.1234210E+07            0.129961000000E+11            0.849608930000E+05
     0.1234250E+07            0.128335000000E+11            0.849596750000E+05
     0.1234300E+07            0.126709000000E+11            0.849584460000E+05
     0.1234340E+07            0.125156000000E+11            0.849572610000E+05
     0.1234390E+07            0.123581000000E+11            0.849560480000E+05
     0.1234430E+07            0.122035000000E+11            0.849548460000E+05
     0.1234470E+07            0.120489000000E+11            0.849536340000E+05
     0.1234520E+07            0.119013000000E+11            0.849524650000E+05
     0.1234560E+07            0.117515000000E+11            0.849512690000E+05
     0.1234610E+07            0.116045000000E+11            0.849500840000E+05
     0.1234650E+07            0.114575000000E+11            0.849488880000E+05
     0.1234690E+07            0.113171000000E+11            0.849477350000E+05
     0.1234730E+07            0.111746000000E+11            0.849465550000E+05
     0.1234780E+07            0.110348000000E+11            0.849453860000E+05
     0.1234820E+07            0.108950000000E+11            0.849442070000E+05
     0.1234860E+07            0.107615000000E+11            0.849430700000E+05
     0.1234910E+07            0.106261000000E+11            0.849419060000E+05
     0.1234950E+07            0.104931000000E+11            0.849407530000E+05
     0.1234990E+07            0.103602000000E+11            0.849395900000E+05
     0.1235030E+07            0.102332000000E+11            0.849384680000E+05
     0.1235070E+07            0.101044000000E+11            0.849373230000E+05
