5
1000000.0d0   0.0d0       0.0d0
1500000.0d0   0.0d0       0.0d0
2000000.0d0   0.0d0       0.0d0
2500000.0d0   0.0d0       0.0d0
5000000.0d0   0.0d0       0.0d0

8
1000000.0d0   0.0d0       0.0d0
1050000.0d0   0.0d0       0.0d0
1100000.0d0   0.0d0       0.0d0
1150000.0d0   0.0d0       0.0d0
1200000.0d0   0.0d0       0.0d0
1236000.0d0   0.0d0       0.0d0
1250000.0d0   0.0d0       0.0d0
1300000.0d0   0.0d0       0.0d0


35
0.0d0         0.0d0       0.0d0
0.0d0         0.0d0       100.0d0
0.0d0         0.0d0       600.0d0
0.0d0         0.0d0       3600.0d0
0.0d0         0.0d0       14400.0d0
0.0d0         0.5d0       0.0d0
0.0d0         1.0d0       0.0d0
0.0d0         3.0d0       0.0d0
0.0d0         10.0d0      0.0d0
0.0d0         30.0d0      0.0d0
0.0d0         100.0d0     0.0d0
1.0d0         0.0d0       0.0d0
4.0d0         0.0d0       0.0d0
8.0d0         0.0d0       0.0d0
16.0d0        0.0d0       0.0d0
32.0d0        0.0d0       0.0d0
64.0d0        0.0d0       0.0d0
130.0d0       0.0d0       0.0d0
260.0d0       0.0d0       0.0d0
500.0d0       0.0d0       0.0d0
1000.0d0      0.0d0       0.0d0
2500.0d0      0.0d0       0.0d0
5000.0d0      0.0d0       0.0d0
10000.0d0     0.0d0       0.0d0
20000.0d0     0.0d0       0.0d0
40000.0d0     0.0d0       0.0d0
120000.0d0    0.0d0       0.0d0
200000.0d0    0.0d0       0.0d0
300000.0d0    0.0d0       0.0d0
500000.0d0    0.0d0       0.0d0
1000000.0d0   0.0d0       0.0d0
1500000.0d0   0.0d0       0.0d0
2000000.0d0   0.0d0       0.0d0
2500000.0d0   0.0d0       0.0d0
5000000.0d0   0.0d0       0.0d0

8
500000.0d0    0.0d0       0.0d0
505000.0d0    0.0d0       0.0d0
510000.0d0    0.0d0       0.0d0
515000.0d0    0.0d0       0.0d0
520000.0d0    0.0d0       0.0d0
525000.0d0    0.0d0       0.0d0
530000.0d0    0.0d0       0.0d0
535000.0d0    0.0d0       0.0d0

28
300012.0d0    0.0d0       0.0d0
310000.0d0    0.0d0       0.0d0
320000.0d0    0.0d0       0.0d0
330000.0d0    0.0d0       0.0d0
340000.0d0    0.0d0       0.0d0
350000.0d0    0.0d0       0.0d0
360000.0d0    0.0d0       0.0d0
370000.0d0    0.0d0       0.0d0
380000.0d0    0.0d0       0.0d0
390000.0d0    0.0d0       0.0d0
400000.0d0    0.0d0       0.0d0
410000.0d0    0.0d0       0.0d0
420000.0d0    0.0d0       0.0d0
430000.0d0    0.0d0       0.0d0
440000.0d0    0.0d0       0.0d0
450000.0d0    0.0d0       0.0d0
460000.0d0    0.0d0       0.0d0
470000.0d0    0.0d0       0.0d0
480000.0d0    0.0d0       0.0d0
490000.0d0    0.0d0       0.0d0
500000.0d0    0.0d0       0.0d0
511100.0d0    0.0d0       0.0d0
511300.0d0    0.0d0       0.0d0
511500.0d0    0.0d0       0.0d0
511700.0d0    0.0d0       0.0d0
511900.0d0    0.0d0       0.0d0
512100.0d0    0.0d0       0.0d0
512300.0d0    0.0d0       0.0d0


7
618625.0d0   0.0d0       0.0d0          949
618750.0d0   0.0d0       0.0d0          1
618875.0d0   0.0d0       0.0d0          1
619000.0d0   0.0d0       0.0d0          1
619125.0d0   0.0d0       0.0d0          1
619250.0d0   0.0d0       0.0d0          1
629250.0d0   0.0d0       0.0d0          80

34
0.0d0         0.0d0       100.0d0        2000
0.0d0         0.0d0       600.0d0        2000
0.0d0         0.0d0       3600.0d0       3000
0.0d0         0.0d0       14400.0d0      3500
0.0d0         0.5d0       0.0d0          3000
0.0d0         1.0d0       0.0d0          1500
0.0d0         3.0d0       0.0d0          2000
0.0d0         10.0d0      0.0d0          2000
0.0d0         30.0d0      0.0d0          2000
0.0d0         100.0d0     0.0d0          2000
1.0d0         0.0d0       0.0d0          2500
4.0d0         0.0d0       0.0d0          3500
8.0d0        0.0d0       0.0d0           4000
16.0d0        0.0d0       0.0d0          4000
32.0d0       0.0d0       0.0d0           4000
64.0d0        0.0d0       0.0d0          4000 
130.0d0       0.0d0       0.0d0          4000
260.0d0       0.0d0       0.0d0          4000
500.0d0       0.0d0       0.0d0          4000
1000.0d0      0.0d0       0.0d0          4000
2500.0d0      0.0d0       0.0d0          6000
5000.0d0      0.0d0       0.0d0          4500
10000.0d0     0.0d0       0.0d0          4500
20000.0d0     0.0d0       0.0d0          4500
40000.0d0     0.0d0       0.0d0          4500
120000.0d0    0.0d0       0.0d0          8500
200000.0d0    0.0d0       0.0d0          4500
300000.0d0    0.0d0       0.0d0          3500
500000.0d0    0.0d0       0.0d0          3500
1000000.0d0   0.0d0       0.0d0          7000
1500000.0d0   0.0d0       0.0d0          7000
2000000.0d0   0.0d0       0.0d0          7000
2500000.0d0   0.0d0       0.0d0          5000
5000000.0d0   0.0d0       0.0d0          10000  



29
0.0d0         0.0d0       600.0d0        2000
0.0d0         0.0d0       3600.0d0       3000
0.0d0         0.0d0       14400.0d0      4000
0.0d0         0.5d0       0.0d0          3000
0.0d0         1.0d0       0.0d0          2000
0.0d0         3.0d0       0.0d0          2000
0.0d0         10.0d0      0.0d0          2000
0.0d0         30.0d0      0.0d0          2000
0.0d0         100.0d0     0.0d0          2000
1.0d0         0.0d0       0.0d0          3000
4.0d0         0.0d0       0.0d0          4000
8.0d0        0.0d0       0.0d0           4000
16.0d0        0.0d0       0.0d0          6000
32.0d0       0.0d0       0.0d0           6000
64.0d0        0.0d0       0.0d0          8000 
130.0d0       0.0d0       0.0d0          8000
260.0d0       0.0d0       0.0d0          10000
500.0d0       0.0d0       0.0d0          5000
1000.0d0      0.0d0       0.0d0          4000
2500.0d0      0.0d0       0.0d0          6000
5000.0d0      0.0d0       0.0d0          5000
10000.0d0     0.0d0       0.0d0          5000
20000.0d0     0.0d0       0.0d0          5000
40000.0d0     0.0d0       0.0d0          5000
120000.0d0    0.0d0       0.0d0          9000
200000.0d0    0.0d0       0.0d0          5000
300000.0d0    0.0d0       0.0d0          5000
500000.0d0    0.0d0       0.0d0          4000
1000000.0d0   0.0d0       0.0d0          7000

33
0.0d0         0.0d0       600.0d0        2000
0.0d0         0.0d0       3600.0d0       3000
0.0d0         0.0d0       14400.0d0      3500
0.0d0         0.5d0       0.0d0          3000
0.0d0         1.0d0       0.0d0          1500
0.0d0         3.0d0       0.0d0          2000
0.0d0         10.0d0      0.0d0          2000
0.0d0         30.0d0      0.0d0          2000
0.0d0         100.0d0     0.0d0          2000
1.0d0         0.0d0       0.0d0          2500
4.0d0         0.0d0       0.0d0          3500
8.0d0        0.0d0       0.0d0           4000
16.0d0        0.0d0       0.0d0          4000
32.0d0       0.0d0       0.0d0           4000
64.0d0        0.0d0       0.0d0          4000 
130.0d0       0.0d0       0.0d0          4000
260.0d0       0.0d0       0.0d0          4000
500.0d0       0.0d0       0.0d0          4000
1000.0d0      0.0d0       0.0d0          4000
2500.0d0      0.0d0       0.0d0          6000
5000.0d0      0.0d0       0.0d0          4500
10000.0d0     0.0d0       0.0d0          4500
20000.0d0     0.0d0       0.0d0          4500
40000.0d0     0.0d0       0.0d0          4500
120000.0d0    0.0d0       0.0d0          8500
200000.0d0    0.0d0       0.0d0          4500
300000.0d0    0.0d0       0.0d0          3500
500000.0d0    0.0d0       0.0d0          3500
1000000.0d0   0.0d0       0.0d0          7000
1500000.0d0   0.0d0       0.0d0          7000
2000000.0d0   0.0d0       0.0d0          7000
2500000.0d0   0.0d0       0.0d0          5000
5000000.0d0   0.0d0       0.0d0          10000  


15
0.0d0    0.0d0    10.0d0      10
0.0d0    0.0d0    100.0d0     1000
0.0d0    0.0d0    1000.0d0    1000
0.0d0    0.0d0    10000.0d0   3000
0.0d0    1.0d0    0.0d0       5000
0.0d0    5.0d0    0.0d0       5000
0.0d0    10.0d0   0.0d0       5000
0.0d0    30.0d0   0.0d0       3000
0.0d0    180.0d0  0.0d0       5000
1.0d0     0.0d0    0.0d0       4000
3.0d0     0.0d0    0.0d0       4000
5.0d0     0.0d0    0.0d0       4000
10.0d0     0.0d0    0.0d0       4000
20.0d0     0.0d0    0.0d0       4000
200.0d0    0.0d0    0.0d0       8000



123501
133501
138501
143501
148501
153501
158501
163501
168501
173501
178501
183501
191001
198501
206001
213501

12
20000.0d0     0.0d0       0.0d0          4500
40000.0d0     0.0d0       0.0d0          4500
120000.0d0    0.0d0       0.0d0          8500
200000.0d0    0.0d0       0.0d0          4500
300000.0d0    0.0d0       0.0d0          3500
500000.0d0    0.0d0       0.0d0          3500
1000000.0d0   0.0d0       0.0d0          3500
1500000.0d0   0.0d0       0.0d0          7000
2000000.0d0   0.0d0       0.0d0          10000
2500000.0d0   0.0d0       0.0d0          10000
5000000.0d0   0.0d0       0.0d0          50000  
7.0d6         0.0d0       0.0d0          30000  
12
4501
9001
17501
22001
25501
29001
32501
39501
49501
59501
109501
139501


22
0.0d0         0.0d0       600.0d0        2000
0.0d0         0.0d0       3600.0d0       3000
0.0d0         0.0d0       14400.0d0      3500
0.0d0         0.5d0       0.0d0          3000
0.0d0         1.0d0       0.0d0          1500
0.0d0         3.0d0       0.0d0          2000
0.0d0         10.0d0      0.0d0          2000
0.0d0         30.0d0      0.0d0          2000
0.0d0         100.0d0     0.0d0          2000
1.0d0         0.0d0       0.0d0          2500
4.0d0         0.0d0       0.0d0          3500
8.0d0        0.0d0       0.0d0           4000
16.0d0        0.0d0       0.0d0          4000
32.0d0       0.0d0       0.0d0           4000
64.0d0        0.0d0       0.0d0          4000 
130.0d0       0.0d0       0.0d0          4000
260.0d0       0.0d0       0.0d0          4000
500.0d0       0.0d0       0.0d0          4000
1000.0d0      0.0d0       0.0d0          4000
2500.0d0      0.0d0       0.0d0          6000
5000.0d0      0.0d0       0.0d0          4500
10000.0d0     0.0d0       0.0d0          4500
24
1  
2001
5001
8501
11501
13001
15001
17001
19001
21001
23501
27001
31001
35001
37001
39001
43001
47001
51001
55001
59001
65001
69501
74001


35
0.0d0         0.0d0       600.0d0        2000
0.0d0         0.0d0       3600.0d0       3000
0.0d0         0.0d0       14400.0d0      3500
0.0d0         0.5d0       0.0d0          3000
0.0d0         1.0d0       0.0d0          1500
0.0d0         3.0d0       0.0d0          2000
0.0d0         10.0d0      0.0d0          2000
0.0d0         30.0d0      0.0d0          2000
0.0d0         100.0d0     0.0d0          2000
1.0d0         0.0d0       0.0d0          2500
4.0d0         0.0d0       0.0d0          3500
8.0d0        0.0d0       0.0d0           4000
16.0d0        0.0d0       0.0d0          4000
32.0d0       0.0d0       0.0d0           4000
64.0d0        0.0d0       0.0d0          4000 
130.0d0       0.0d0       0.0d0          4000
260.0d0       0.0d0       0.0d0          4000
500.0d0       0.0d0       0.0d0          4000
1000.0d0      0.0d0       0.0d0          4000
2500.0d0      0.0d0       0.0d0          6000
5000.0d0      0.0d0       0.0d0          4500
10000.0d0     0.0d0       0.0d0          4500
20000.0d0     0.0d0       0.0d0          4500
40000.0d0     0.0d0       0.0d0          4500
120000.0d0    0.0d0       0.0d0          8500
200000.0d0    0.0d0       0.0d0          4500
300000.0d0    0.0d0       0.0d0          3500
500000.0d0    0.0d0       0.0d0          3500
1000000.0d0   0.0d0       0.0d0          3500
1500000.0d0   0.0d0       0.0d0          7000
2000000.0d0   0.0d0       0.0d0          10000
2500000.0d0   0.0d0       0.0d0          10000
5000000.0d0   0.0d0       0.0d0          50000  
7.0d6         0.0d0       0.0d0          30000
10.0d6        0.0d0       0.0d0          30000       
51
1  
2001
5001
8501
11501
13001
15001
17001
19001
21001
23501
27001
31001
35001
37001
39001
43001
47001
51001
55001
59001
65001
69501
74001
78501
83001
91501
96001
99501
103001
106501
113501
123501
133501
138501
143501
148501
153501
158501
163501
168501
173501
178501
183501
191001
198501
206001
213501
223501
233501
243501



3
5.0d6   0.0d0       0.0d0          20000
7.0d6   0.0d0       0.0d0          30000
10.0d6  0.0d0       0.0d0          30000
9
10001
20001
27501
35001
42501
50001
60001
70001
80001

7001
12001
17001
22001
27001
32001
37001
42001
52001
67001
82001
92001
102001
112001

1
2.65d6        0.0d0       0.0d0          400000
6
1
2001
4001
6001
8001
10001

13
1000000.0d0    0.0d0    10.0d0      100
1000000.0d0    0.0d0    100.0d0     500
1000000.0d0    0.0d0    1000.0d0    1000
1000000.0d0    0.0d0    10000.0d0   3000
1000000.0d0    1.0d0    0.0d0       5000
1000000.0d0    5.0d0    0.0d0       5000
1000000.0d0    10.0d0   0.0d0       5000
1000000.0d0    30.0d0   0.0d0       3000
1000000.0d0    180.0d0  0.0d0       5000
1000001.d0     0.0d0    0.0d0       4000
1000003.d0     0.0d0    0.0d0       4000
1000005.d0     0.0d0    0.0d0       4000
1000010.d0     0.0d0    0.0d0       4000
14
1
101
601
1601
4601
9601
14601
19601
22601
27601
31501
35601
39601
43601