 0.000000000000000E+00      0.100000000000000E+16      0.000000000000000E+00
 0.564837898018380E+02      0.100000000000000E+16      0.000000000000000E+00
 0.169451369405514E+03      0.100000000000000E+16      0.182173346524108E-10
 0.282418949009190E+03      0.999999906239103E+15      0.971591150060581E-10
 0.395386528612866E+03      0.999999858742679E+15      0.224680448444839E-09
 0.564837898018380E+03      0.999999626467046E+15      0.777272856836035E-09
 0.790773057225732E+03      0.999999436481386E+15      0.179744330681311E-08
 0.101670821643308E+04      0.999999004210482E+15      0.388636308302594E-08
 0.124264337564044E+04      0.999998670651685E+15      0.636391845446200E-08
 0.150347132314206E+04      0.999997904262129E+15      0.121137113477308E-07
 0.179919205893795E+04      0.999997264646201E+15      0.188701240845015E-07
 0.209491279473384E+04      0.999996290082078E+15      0.297118888788079E-07
 0.239063353052973E+04      0.999995423226235E+15      0.414250838874009E-07
 0.273088835933475E+04      0.999993700405385E+15      0.657834144337061E-07
 0.311567728114890E+04      0.999992230271096E+15      0.916684856886008E-07
 0.350046620296305E+04      0.999990242605163E+15      0.129452102633138E-06
 0.388525512477720E+04      0.999988397094345E+15      0.169155473577843E-06
 0.431906601918571E+04      0.999985091643557E+15      0.244236613285388E-06
 0.480189888618858E+04      0.999982230405725E+15      0.320406145840102E-06
 0.528473175319146E+04      0.999978599136068E+15      0.425340698377531E-06
 0.576756462019433E+04      0.999975154075245E+15      0.534067956950219E-06
 0.630187755768490E+04      0.999969466885064E+15      0.724226045233968E-06
 0.688767056566318E+04      0.999964476115414E+15      0.912514086287020E-06
 0.747346357364145E+04      0.999958396997430E+15      0.116137808077647E-05
 0.805925658161972E+04      0.999952553230834E+15      0.141701469050390E-05
 0.869834966863881E+04      0.999943491019710E+15      0.183734919830404E-05
 0.939074283469871E+04      0.999935442901255E+15      0.224788669736439E-05
 0.100831360007586E+05      0.999925920664371E+15      0.277358745134129E-05
 0.107755291668185E+05      0.999916686700225E+15      0.331047032568914E-05
 0.115228685945826E+05      0.999903043896112E+15      0.415104054922882E-05
 0.123251542840509E+05      0.999890805428420E+15      0.496540674104686E-05
 0.131274399735191E+05      0.999876635600904E+15      0.598240384865050E-05
 0.139297256629874E+05      0.999862810479055E+15      0.701679347730058E-05
 0.147885479949946E+05      0.999843153030339E+15      0.857330821052260E-05
 0.157039069695407E+05      0.999825369652152E+15      0.100739976652821E-04
 0.166192659440867E+05      0.999805121455336E+15      0.119103523735868E-04
 0.175346249186328E+05      0.999785277906112E+15      0.137725306126272E-04
 0.185080745301763E+05      0.999757927938446E+15      0.164842685831683E-04
 0.195396147787172E+05      0.999733007604763E+15      0.190912282508981E-04
 0.205711550272582E+05      0.999705007938025E+15      0.222280173268533E-04
 0.216026952757991E+05      0.999677476402983E+15      0.254017474078736E-04
 0.226938425489979E+05      0.999640497261029E+15      0.298974683531803E-04
 0.238445968468545E+05      0.999606595073670E+15      0.342124551704472E-04
 0.249953511447111E+05      0.999568913248832E+15      0.393312934780025E-04
 0.261461054425678E+05      0.999531766602901E+15      0.445013865525280E-04
 0.273579424727213E+05      0.999482948268665E+15      0.516539787924993E-04
 0.286308622351718E+05      0.999437951627565E+15      0.585134799308461E-04
 0.299037819976223E+05      0.999388384681477E+15      0.665528873086896E-04
 0.311767017600727E+05      0.999339423530494E+15      0.746616109521623E-04
 0.325121372889256E+05      0.999276268539487E+15      0.856521891053751E-04
 0.339100885841809E+05      0.999217782838279E+15      0.961896214806431E-04
 0.353080398794362E+05      0.999153841418367E+15      0.108410938381154E-03
 0.367059911746915E+05      0.999090579973894E+15      0.120723970736562E-03
 0.381678474606001E+05      0.999010289965340E+15      0.137116087989052E-03
 0.396936087371619E+05      0.998935624910657E+15      0.152833948955857E-03
 0.412193700137237E+05      0.998854519814587E+15      0.170897452871895E-03
 0.427451312902855E+05      0.998774172426418E+15      0.189080033211134E-03
 0.443361422015661E+05      0.998673635468140E+15      0.212904602944623E-03
 0.459924027475656E+05      0.998579792138044E+15      0.235757178313869E-03
 0.476486632935650E+05      0.998478421630842E+15      0.261808978274347E-03
 0.493049238395644E+05      0.998377890099090E+15      0.288012829652459E-03
 0.510277333572895E+05      0.998253668940916E+15      0.321864256725834E-03
 0.528170918467403E+05      0.998137327723808E+15      0.354351402088987E-03
 0.546064503361911E+05      0.998012265782347E+15      0.391121588032904E-03
 0.563958088256418E+05      0.997888127598042E+15      0.428083086913563E-03
 0.582529694560688E+05      0.997736449026851E+15      0.475226984900817E-03
 0.601779322274720E+05      0.997593958605311E+15      0.520499377568057E-03
 0.621028949988752E+05      0.997441444262810E+15      0.571411770801153E-03
 0.640278577702784E+05      0.997289941949052E+15      0.622561707595847E-03
 0.660218286045180E+05      0.997106687437993E+15      0.687054421078629E-03
 0.680848075015939E+05      0.996934055003154E+15      0.749030528735435E-03
 0.701477863986698E+05      0.996749982987090E+15      0.818324214878995E-03
 0.722107652957458E+05      0.996567014733759E+15      0.887909324210720E-03
 0.743439095966647E+05      0.996347712597837E+15      0.974729280438467E-03
 0.765472193014267E+05      0.996140595500185E+15      0.105822410465292E-02
 0.787505290061887E+05      0.995920508376771E+15      0.115108672721286E-02
 0.809538387109507E+05      0.995701620181748E+15      0.124430296309253E-02
 0.832284209912365E+05      0.995441439467919E+15      0.135949364212441E-02
 0.855742758470461E+05      0.995195138527996E+15      0.147035906671773E-02
 0.879201307028557E+05      0.994934220583355E+15      0.159307161443646E-02
 0.902659855586653E+05      0.994674600130141E+15      0.171620890024600E-02
 0.926841681692080E+05      0.994368346482980E+15      0.186703293405907E-02
 0.951746785344838E+05      0.994077801199963E+15      0.201230923706106E-02
 0.976651888997596E+05      0.993770874301626E+15      0.217240176873032E-02
 0.100155699265035E+06      0.993465346816859E+15      0.233299966211932E-02
 0.102719538554758E+06      0.993107460566406E+15      0.252810325083848E-02
 0.105356706768928E+06      0.992767246471304E+15      0.271618102309355E-02
 0.107993874983098E+06      0.992408768161067E+15      0.292259843878727E-02
 0.110631043197267E+06      0.992051794502801E+15      0.312961181661910E-02
 0.113342485341256E+06      0.991636351220814E+15      0.337919828358240E-02
 0.116128201415064E+06      0.991240679623571E+15      0.361998963666871E-02
 0.118913917488873E+06      0.990824743693511E+15      0.388326622446157E-02
 0.121699633562681E+06      0.990410420921875E+15      0.414723971286692E-02
 0.124560510187323E+06      0.989931134681598E+15      0.446325061352962E-02
 0.127496547362800E+06      0.989473855054925E+15      0.476836815698989E-02
 0.130432584538276E+06      0.988994194849530E+15      0.510080922242938E-02
 0.133368621713753E+06      0.988516259522548E+15      0.543405867513924E-02
 0.136380645484848E+06      0.987966489071877E+15      0.583036043505895E-02
 0.139468655851560E+06      0.987441094295865E+15      0.621330206387224E-02
 0.142556666218272E+06      0.986891088961458E+15      0.662917049266096E-02
 0.145644676584984E+06      0.986342923376967E+15      0.704596936401824E-02
 0.148809436962719E+06      0.985715681397604E+15      0.753854295562468E-02
 0.152050947351477E+06      0.985115316057758E+15      0.801488002079849E-02
 0.155292457740235E+06      0.984487999925351E+15      0.853058514161779E-02
 0.158533968128992E+06      0.983862641494896E+15      0.904735311731839E-02
 0.161852927535397E+06      0.983150607060636E+15      0.965448381212045E-02
 0.165249335959449E+06      0.982468078942234E+15      0.102420497646547E-01
 0.168645744383501E+06      0.981756154175802E+15      0.108763353848136E-01
 0.172042152807553E+06      0.981046308062182E+15      0.115118261395329E-01
 0.175516643501392E+06      0.980241842330289E+15      0.122542899084758E-01
 0.179069216465018E+06      0.979469637182577E+15      0.129733660265131E-01
 0.182621789428643E+06      0.978665489750153E+15      0.137474940261608E-01
 0.186174362392269E+06      0.977863544825691E+15      0.145229784908063E-01
 0.189805584398828E+06      0.976958709890930E+15      0.154242211963089E-01
 0.193515455448320E+06      0.976089009442010E+15      0.162977155497641E-01
 0.197225326497812E+06      0.975184728368513E+15      0.172356409650020E-01
 0.200935197547303E+06      0.974282776452513E+15      0.181750820316396E-01
 0.204724218053826E+06      0.973269357155626E+15      0.192613871956882E-01
 0.208592388017379E+06      0.972294060237096E+15      0.203150026029159E-01
 0.212460557980932E+06      0.971281459969109E+15      0.214435357370025E-01
 0.216328727944486E+06      0.970271318174280E+15      0.225737499392503E-01
 0.220276482643283E+06      0.969140846490424E+15      0.238743906129831E-01
 0.224303822077325E+06      0.968051592979477E+15      0.251367770315957E-01
 0.228331161511367E+06      0.966922238533463E+15      0.264857278389692E-01
 0.232358500945409E+06      0.965795474392250E+15      0.278365292521859E-01
 0.236465797891489E+06      0.964539255810570E+15      0.293838994111805E-01
 0.240653052349606E+06      0.963327452906155E+15      0.308867860265476E-01
 0.244840306807723E+06      0.962072687271964E+15      0.324890858651602E-01
 0.249027561265840E+06      0.960820646114026E+15      0.340934073226009E-01
 0.253295087918521E+06      0.959429787165440E+15      0.359231283083470E-01
 0.257642886765767E+06      0.958086637283450E+15      0.377014305820365E-01
 0.261990685613013E+06      0.956697610314171E+15      0.395932264690526E-01
 0.266338484460258E+06      0.955311444125369E+15      0.414872132307410E-01
 0.270766818703107E+06      0.953776879897488E+15      0.436382111289805E-01
 0.275275688341559E+06      0.952293409184906E+15      0.457301083066749E-01
 0.279784557980011E+06      0.950761106908695E+15      0.479508251032821E-01
 0.284293427618462E+06      0.949231803606382E+15      0.501738964058648E-01
 0.288883053712584E+06      0.947544323698601E+15      0.526884469620950E-01
 0.293553436262376E+06      0.945911409819625E+15      0.551354260793564E-01
 0.298223818812168E+06      0.944226682750560E+15      0.577277926346548E-01
 0.302894201361960E+06      0.942545094451269E+15      0.603226671551144E-01
 0.307645531997370E+06      0.940695365340057E+15      0.632464059782886E-01
 0.312477810718398E+06      0.938903762758913E+15      0.660932693252609E-01
 0.317310089439426E+06      0.937057351341902E+15      0.691033056088094E-01
 0.322142368160454E+06      0.935214219755220E+15      0.721159878742065E-01
 0.327055774054653E+06      0.933192800929926E+15      0.754978853894257E-01
 0.332050307122024E+06      0.931233161379838E+15      0.787927198012404E-01
 0.337044840189395E+06      0.929215716152574E+15      0.822696835464115E-01
 0.342039373256766E+06      0.927201692682659E+15      0.857494098129663E-01
 0.347115222139392E+06      0.924999043127299E+15      0.896417128515997E-01
 0.352272386837272E+06      0.922861928274413E+15      0.934358212072176E-01
 0.357429551535153E+06      0.920664021627270E+15      0.974321146979727E-01
 0.362586716233034E+06      0.918469679060824E+15      0.101431258930146E+00
 0.367825423610769E+06      0.916076149599066E+15      0.105889404256365E+00
 0.373145673668358E+06      0.913752032012587E+15      0.110237202391097E+00
 0.378465923725947E+06      0.911364157500398E+15      0.114808242948518E+00
 0.383786173783536E+06      0.908979989232143E+15      0.119382186446945E+00
 0.389188268686764E+06      0.906385794801081E+15      0.124464696267349E+00
 0.394672208435632E+06      0.903865042126631E+15      0.129423582407826E+00
 0.400156148184499E+06      0.901277596030052E+15      0.134627644141871E+00
 0.405640087933367E+06      0.898693997519307E+15      0.139834616369029E+00
 0.411206298033941E+06      0.895889161366898E+15      0.145602992564380E+00
 0.416854778486224E+06      0.893161996898881E+15      0.151233201822672E+00
 0.422503258938506E+06      0.890365234969581E+15      0.157131241752603E+00
 0.428151739390789E+06      0.887572460356074E+15      0.163032145428667E+00
 0.433883101684944E+06      0.884546719068090E+15      0.169550788955299E+00
 0.439697345820971E+06      0.881603149431166E+15      0.175915253139231E+00
 0.445511589956999E+06      0.878587109172802E+15      0.182570742627841E+00
 0.451325834093026E+06      0.875575193394528E+15      0.189228983988387E+00
 0.457223840128961E+06      0.872317846957343E+15      0.196565180309306E+00
 0.463205608064803E+06      0.869147543872156E+15      0.203729424561737E+00
 0.469187376000645E+06      0.865901918821884E+15      0.211208218405402E+00
 0.475169143936487E+06      0.862660551685615E+15      0.218689574874251E+00
 0.481235932991716E+06      0.859160235257516E+15      0.226913608763630E+00
 0.487387743166333E+06      0.855752352499127E+15      0.234945733686216E+00
 0.493539553340950E+06      0.852266298858552E+15      0.243316026541695E+00
 0.499691363515568E+06      0.848784631389722E+15      0.251688601354815E+00
 0.505929984371468E+06      0.845028973052331E+15      0.260874100856605E+00
 0.512255415908652E+06      0.841371870187952E+15      0.269844925999842E+00
 0.518580847445836E+06      0.837633716213484E+15      0.279177373364684E+00
 0.524906278983020E+06      0.833900069659751E+15      0.288511714124409E+00
 0.531321053196512E+06      0.829875177034414E+15      0.298736385702589E+00
 0.537825170086313E+06      0.825956005401209E+15      0.308719875825183E+00
 0.544329286976113E+06      0.821952817114421E+15      0.319088002871552E+00
 0.550833403865914E+06      0.817954248104623E+15      0.329457506934877E+00
 0.557430445061651E+06      0.813643928142991E+15      0.340804535994989E+00
 0.564120410563327E+06      0.809448005967143E+15      0.351878711830257E+00
 0.570810376065002E+06      0.805164932880197E+15      0.363359814836598E+00
 0.577500341566677E+06      0.800886578333432E+15      0.374841625601327E+00
 0.584288325346094E+06      0.796271121113448E+15      0.387402231030483E+00
 0.591174327403251E+06      0.791780971366945E+15      0.399650916789187E+00
 0.598060329460408E+06      0.787200240136834E+15      0.412327814744489E+00
 0.604946331517566E+06      0.782624309657368E+15      0.425004565185632E+00
 0.611937689432586E+06      0.777678517601900E+15      0.438882635928767E+00
 0.619034403205468E+06      0.772872336237878E+15      0.452398697475003E+00
 0.626131116978350E+06      0.767971649212475E+15      0.466362998373853E+00
 0.633227830751232E+06      0.763075821601171E+15      0.480326064021318E+00
 0.640438114698714E+06      0.757772797769582E+15      0.495626369255883E+00
 0.647761968820797E+06      0.752625602691180E+15      0.510506876134133E+00
 0.655085822942880E+06      0.747379313418902E+15      0.525853558819581E+00
 0.662409677064962E+06      0.742137898496351E+15      0.541197622223333E+00
 0.669853729459353E+06      0.736453881889926E+15      0.558007688198500E+00
 0.677417980126053E+06      0.730940560535655E+15      0.574341465744713E+00
 0.684982230792752E+06      0.725322786693767E+15      0.591155454950314E+00
 0.692546481459452E+06      0.719709816557385E+15      0.607965068889547E+00
 0.700254991694327E+06      0.713564532712557E+15      0.626526352240803E+00
 0.708107761497379E+06      0.707630442495629E+15      0.644477797024077E+00
 0.715960531300430E+06      0.701584458804627E+15      0.662922038139948E+00
 0.723813301103482E+06      0.695543129530136E+15      0.681359588507821E+00
 0.731661657158809E+06      0.689403587027842E+15      0.700233566961033E+00
 0.739505599466410E+06      0.683261737222883E+15      0.719119562643196E+00
 0.747349541774011E+06      0.677008148118089E+15      0.738465846253466E+00
 0.755193484081612E+06      0.670758367651368E+15      0.757803552484100E+00
 0.762993749244184E+06      0.664535573472893E+15      0.777152782831527E+00
 0.770750337261725E+06      0.658248843185972E+15      0.796698054995721E+00
 0.778506925279267E+06      0.651851497624949E+15      0.816656364023626E+00
 0.786263513296808E+06      0.645456902591207E+15      0.836604450275581E+00
 0.795081138845912E+06      0.635450289705583E+15      0.867855739759785E+00
 0.804959801926577E+06      0.627129549121872E+15      0.893879642707836E+00
 0.814838465007243E+06      0.618622026958541E+15      0.920492124430599E+00
 0.824717128087908E+06      0.610117601089550E+15      0.947078782195730E+00
 0.834143837463933E+06      0.602978266456644E+15      0.969339094342447E+00
 0.843118593135317E+06      0.595094092778510E+15      0.993911085435265E+00
 0.852093348806702E+06      0.587046349765831E+15      0.101888190435401E+01
 0.861068104478086E+06      0.578998151264758E+15      0.104382917675417E+01
 0.869643827882607E+06      0.572211327392772E+15      0.106469383566317E+01
 0.877820519020265E+06      0.564735140984206E+15      0.108769256088086E+01
 0.885997210157923E+06      0.557110629695259E+15      0.111094391919575E+01
 0.894173901295581E+06      0.549483175841709E+15      0.113417428796370E+01
 0.901992226687861E+06      0.543036587145096E+15      0.115354491727903E+01
 0.909452186334763E+06      0.535943208193818E+15      0.117489480076294E+01
 0.916912145981665E+06      0.528711179011443E+15      0.119638503915828E+01
 0.924372105628567E+06      0.521474417156439E+15      0.121785685895770E+01
 0.931505990948766E+06      0.515354938127487E+15      0.123567961326442E+01
 0.938313801942263E+06      0.508621792852064E+15      0.125534319484792E+01
 0.945121612935760E+06      0.501755698780958E+15      0.127506175467377E+01
 0.951929423929257E+06      0.494883556775333E+15      0.129476434471473E+01
 0.958437614054165E+06      0.489077734600400E+15      0.131102223782788E+01
 0.964646183310485E+06      0.482684338623717E+15      0.132899419255116E+01
 0.970854752566804E+06      0.476160841762200E+15      0.134695733926963E+01
 0.977063321823124E+06      0.469630316616238E+15      0.136490677544992E+01
 0.982994617166395E+06      0.464124671803701E+15      0.137961356482460E+01
 0.988648638596617E+06      0.458052280439411E+15      0.139591580329590E+01
 0.994302660026839E+06      0.451850606089493E+15      0.141216288031362E+01
 0.999956681457061E+06      0.445641167223033E+15      0.142839828700213E+01
 0.100535289163851E+07      0.440422364320347E+15      0.144159334417018E+01
 0.101049129057120E+07      0.434653724066816E+15      0.145627080932062E+01
 0.101562968950388E+07      0.428755221384681E+15      0.147086084480773E+01
 0.102076808843656E+07      0.422848402224155E+15      0.148544102324202E+01
 0.102566613631301E+07      0.417903345360703E+15      0.149718480750976E+01
 0.103032383313323E+07      0.412422508898345E+15      0.151030170375586E+01
 0.103498152995344E+07      0.406810338455128E+15      0.152331022908735E+01
 0.103963922677366E+07      0.401189444451988E+15      0.153631048830966E+01
 0.104407267121043E+07      0.396505328568557E+15      0.154668038634620E+01
 0.104828186326375E+07      0.391297510598939E+15      0.155831666534598E+01
 0.105249105531708E+07      0.385956411611730E+15      0.156983264586334E+01
 0.105670024737040E+07      0.380606301622643E+15      0.158134174074264E+01
 0.106070038489991E+07      0.376170637680037E+15      0.159042813995286E+01
 0.106449146790561E+07      0.371222097504858E+15      0.160067613766080E+01
 0.106828255091130E+07      0.366138205599378E+15      0.161079896013945E+01
 0.107207363391699E+07      0.361045119828929E+15      0.162091608296052E+01
 0.107567027856235E+07      0.356845745266318E+15      0.162881862719930E+01
 0.107907248484737E+07      0.352143687166784E+15      0.163777980609101E+01
 0.108247469113239E+07      0.347304384279785E+15      0.164661630973230E+01
 0.108587689741741E+07      0.342455801728680E+15      0.165544812333922E+01
 0.108909890396512E+07      0.338480883254155E+15      0.166227216108023E+01
 0.109214071077553E+07      0.334013369050063E+15      0.167005396071487E+01
 0.109518251758594E+07      0.329407153919608E+15      0.167771553654686E+01
 0.109822432439635E+07      0.324791668566917E+15      0.168537327459419E+01
 0.110109990235459E+07      0.321029701654480E+15      0.169122655290743E+01
 0.110380925146066E+07      0.316785572115343E+15      0.169793939033865E+01
 0.110651860056673E+07      0.312401944540819E+15      0.170453920420086E+01
 0.110922794967280E+07      0.308009153933784E+15      0.171113589408876E+01
 0.111178480668081E+07      0.304448961463427E+15      0.171612557599894E+01
 0.111418917159075E+07      0.300417764953802E+15      0.172188006295996E+01
 0.111659353650069E+07      0.296247120601537E+15      0.172753047667124E+01
 0.111899790141063E+07      0.292067524003909E+15      0.173317836002404E+01
 0.112126325185968E+07      0.288698254931526E+15      0.173740844789618E+01
 0.112338958784785E+07      0.284870183033037E+15      0.174231290264951E+01
 0.112551592383601E+07      0.280903718515279E+15      0.174712317450348E+01
 0.112764225982418E+07      0.276928624709081E+15      0.175193140652607E+01
 0.112964273400971E+07      0.273739752292189E+15      0.175550064170294E+01
 0.113151734639259E+07      0.270105583242834E+15      0.175965896982806E+01
 0.113339195877547E+07      0.266335213655603E+15      0.176373330890466E+01
 0.113526657115836E+07      0.262556660968066E+15      0.176780601125760E+01
 0.113702806026847E+07      0.259537978844290E+15      0.177080629392661E+01
 0.113867642610583E+07      0.256089030381554E+15      0.177431629577050E+01
 0.114032479194319E+07      0.252507323138861E+15      0.177775232624255E+01
 0.114197315778054E+07      0.248918015791963E+15      0.178118704974377E+01
 0.114352062886554E+07      0.246059629253348E+15      0.178370238791335E+01
 0.114496720519818E+07      0.242787722380195E+15      0.178665452411518E+01
 0.114641378153082E+07      0.239387850732226E+15      0.178954218879259E+01
 0.114786035786346E+07      0.235981114468732E+15      0.179242881529188E+01
 0.114921766940443E+07      0.233273424200078E+15      0.179453477242192E+01
 0.115048571615372E+07      0.230170857101106E+15      0.179701138651462E+01
 0.115175376290302E+07      0.226946570398637E+15      0.179943228675508E+01
 0.115302180965231E+07      0.223716321712026E+15      0.180185236737791E+01
 0.115421155108813E+07      0.221149999884650E+15      0.180361593617101E+01
 0.115532298721046E+07      0.218209522850852E+15      0.180569089711466E+01
 0.115643442333279E+07      0.215155108443679E+15      0.180771803100229E+01
 0.115754585945513E+07      0.212095803224201E+15      0.180974452267520E+01
 0.115858922429131E+07      0.209661772144551E+15      0.181122430210767E+01
 0.115956451784133E+07      0.206876530207710E+15      0.181296298786915E+01
 0.116053981139136E+07      0.203986679577717E+15      0.181466080807620E+01
 0.116151510494138E+07      0.201093129314661E+15      0.181635812966257E+01
 0.116243178010475E+07      0.198782583507026E+15      0.181760460455136E+01
 0.116328983688147E+07      0.196145931813160E+15      0.181906409012343E+01
 0.116414789365818E+07      0.193415269658783E+15      0.182048874655554E+01
 0.116500595043490E+07      0.190682027663318E+15      0.182191301945221E+01
 0.116581394910661E+07      0.188486619988604E+15      0.182296859962755E+01
 0.116657188967330E+07      0.185991580369506E+15      0.182419781581087E+01
 0.116732983024000E+07      0.183413290358523E+15      0.182539735277662E+01
 0.116808777080670E+07      0.180832937923470E+15      0.182659659522754E+01
 0.116867040188034E+07      0.180552951868795E+15      0.182665587765023E+01
 0.116907772346093E+07      0.179139357969206E+15      0.182729117639511E+01
 0.116948504504152E+07      0.177698982479917E+15      0.182791735490294E+01
 0.116989236662210E+07      0.176258005500075E+15      0.182854348336278E+01
 0.117026943570118E+07      0.175217038631163E+15      0.182897428400174E+01
 0.117061625227874E+07      0.173968991621505E+15      0.182950058093226E+01
 0.117096306885630E+07      0.172699270252444E+15      0.183001996416064E+01
 0.117130988543386E+07      0.171428805450857E+15      0.183053931347079E+01
 0.117163654302942E+07      0.170430552804952E+15      0.183093086004573E+01
 0.117194304164296E+07      0.169288743401793E+15      0.183138427814572E+01
 0.117224954025650E+07      0.168127196301649E+15      0.183183206299518E+01
 0.117255603887004E+07      0.166964628923080E+15      0.183227982125723E+01
 0.117284870016851E+07      0.165990301913302E+15      0.183264097152545E+01
 0.117312752415190E+07      0.164913467095201E+15      0.183304350542193E+01
 0.117340634813529E+07      0.163816432321234E+15      0.183344116924293E+01
 0.117368517211868E+07      0.162717944451775E+15      0.183383880920712E+01
 0.117395522280449E+07      0.161734760091544E+15      0.183418141922188E+01
 0.117421650019272E+07      0.160683415446798E+15      0.183454962785765E+01
 0.117447777758095E+07      0.159608638338793E+15      0.183491334446912E+01
 0.117473905496918E+07      0.158531696810623E+15      0.183527703625568E+01
 0.117499883524680E+07      0.157451811339691E+15      0.183562777061858E+01
 0.117525711841382E+07      0.156357363481319E+15      0.183598274817361E+01
 0.117551540158083E+07      0.155230408338841E+15      0.183633305792705E+01
 0.117577368474785E+07      0.154099735583691E+15      0.183668333506451E+01
 0.117612397415901E+07      0.151314981158940E+15      0.183752775097681E+01
 0.117656626981431E+07      0.149245671625899E+15      0.183811333908177E+01
 0.117700856546962E+07      0.147006303341101E+15      0.183868340396900E+01
 0.117745086112493E+07      0.144726578177366E+15      0.183925317430583E+01
 0.117773532027915E+07      0.145477228612218E+15      0.183899337650413E+01
 0.117786194293228E+07      0.144792727544692E+15      0.183915486295947E+01
 0.117798856558542E+07      0.144082336341557E+15      0.183931488090067E+01
 0.117811518823856E+07      0.143370112827945E+15      0.183947488775406E+01
 0.117823522001270E+07      0.142776727298257E+15      0.183960005256627E+01
 0.117834866090785E+07      0.142113100350057E+15      0.183974215797615E+01
 0.117846210180299E+07      0.141422490388404E+15      0.183988297987843E+01
 0.117857554269814E+07      0.140730267541794E+15      0.184002379163702E+01
 0.117868071580832E+07      0.140209722789456E+15      0.184012221740530E+01
 0.117877762113353E+07      0.139594845509640E+15      0.184024151157175E+01
 0.117887452645875E+07      0.138955402382570E+15      0.184035978514176E+01
 0.117897143178396E+07      0.138314888820562E+15      0.184047805098555E+01
 0.117906368232389E+07      0.137770619699797E+15      0.184057253139920E+01
 0.117915127807853E+07      0.137168710179476E+15      0.184067855557174E+01
 0.117923887383317E+07      0.136542995568346E+15      0.184078367288167E+01
 0.117932646958781E+07      0.135916631297296E+15      0.184088878354291E+01
 0.117941152984030E+07      0.135337427230031E+15      0.184098078051823E+01
 0.117949405459065E+07      0.134724302477345E+15      0.184107895936545E+01
 0.117957657934100E+07      0.134087490094426E+15      0.184117626481099E+01
 0.117965910409135E+07      0.133450510105031E+15      0.184127356413666E+01
 0.117974241957680E+07      0.132764669582172E+15      0.184137368305847E+01
 0.117982652579733E+07      0.132090268654519E+15      0.184147189671456E+01
 0.117991063201786E+07      0.131390283640603E+15      0.184156912796178E+01
 0.117999473823839E+07      0.130690893855949E+15      0.184166635262877E+01
 0.118009688651013E+07      0.129366343074189E+15      0.184184596619230E+01
 0.118021707683309E+07      0.128318662185190E+15      0.184198281894754E+01
 0.118033726715604E+07      0.127224217780677E+15      0.184211747649164E+01
 0.118045745747900E+07      0.126135301556808E+15      0.184225211801122E+01
 0.118056208689699E+07      0.125571446180520E+15      0.184231477622370E+01
 0.118065115541001E+07      0.124747723639364E+15      0.184241328734406E+01
 0.118074022392303E+07      0.123908281644906E+15      0.184251052680650E+01
 0.118082929243605E+07      0.123072226691050E+15      0.184260776251074E+01
 0.118095643949265E+07      0.120797871789010E+15      0.184286997193501E+01
 0.118112166509283E+07      0.119223732960754E+15      0.184304591943899E+01
 0.118128689069302E+07      0.117641101425820E+15      0.184321736280221E+01
 0.118145211629320E+07      0.116076161083034E+15      0.184338880826256E+01
 0.118157864782029E+07      0.115986209483212E+15      0.184339518942141E+01
 0.118166648527428E+07      0.115162101192845E+15      0.184348507758346E+01
 0.118175432272828E+07      0.114344200264954E+15      0.184357371813072E+01
 0.118184216018228E+07      0.113527378886580E+15      0.184366236010273E+01
 0.118193168755810E+07      0.112655181001294E+15      0.184375658776918E+01
 0.118202290485574E+07      0.111815677795195E+15      0.184384730881395E+01
 0.118211412215338E+07      0.110984956385289E+15      0.184393671048958E+01
 0.118220533945102E+07      0.110154582419166E+15      0.184402611409582E+01
 0.118230084106738E+07      0.109177223305582E+15      0.184413101027437E+01
 0.118240062700247E+07      0.108279715127243E+15      0.184422725166993E+01
 0.118250041293757E+07      0.107392828402371E+15      0.184432194966955E+01
 0.118260019887266E+07      0.106505767263155E+15      0.184441665005346E+01
 0.118272558988665E+07      0.104718208941534E+15      0.184460703388522E+01
 0.118287658597955E+07      0.103398329369141E+15      0.184474683750626E+01
 0.118302758207245E+07      0.102099447142391E+15      0.184488320825405E+01
 0.118317857816535E+07      0.100799063991533E+15      0.184501958531933E+01
 0.118332814702764E+07      0.995663675541883E+14      0.184514741868532E+01
 0.118347628865930E+07      0.983069006702588E+14      0.184527796343597E+01
 0.118362443029097E+07      0.970630278973182E+14      0.184540528568672E+01
 0.118377257192263E+07      0.958178713589462E+14      0.184553261196054E+01
 0.118391879986595E+07      0.946508018823215E+14      0.184565016812738E+01
 0.118406311412092E+07      0.934498370539904E+14      0.184577118118497E+01
 0.118420742837588E+07      0.922605253202271E+14      0.184588919311931E+01
 0.118435174263085E+07      0.910704823214169E+14      0.184600720767914E+01
 0.118449381971296E+07      0.899649115057781E+14      0.184611492640624E+01
 0.118463365962221E+07      0.888213140501196E+14      0.184622648927606E+01
 0.118477349953146E+07      0.876871550582780E+14      0.184633527693340E+01
 0.118491333944071E+07      0.865527569600830E+14      0.184644406658201E+01
 0.118505082101433E+07      0.855040569172985E+14      0.184654276139529E+01
 0.118518594425231E+07      0.844164355252832E+14      0.184664531127580E+01
 0.118532106749029E+07      0.833373800678430E+14      0.184674530626626E+01
 0.118545619072827E+07      0.822584382528297E+14      0.184684530312275E+01
 0.118558899284330E+07      0.812624179879246E+14      0.184693589208595E+01
 0.118571947383536E+07      0.802289744470432E+14      0.184703009069611E+01
 0.118584995482743E+07      0.792041041874850E+14      0.184712194172753E+01
 0.118598043581950E+07      0.781795722903759E+14      0.184721379478508E+01
 0.118610873561113E+07      0.772326341867576E+14      0.184729717666186E+01
 0.118623485420232E+07      0.762512565674260E+14      0.184738378570057E+01
 0.118636097279351E+07      0.752789630051974E+14      0.184746823747877E+01
 0.118648709138470E+07      0.743071338956916E+14      0.184755269157176E+01
 0.118661122597105E+07      0.734062038774633E+14      0.184762969353082E+01
 0.118673337655255E+07      0.724745934853948E+14      0.184770948840073E+01
 0.118685552713406E+07      0.715528132728223E+14      0.184778729797255E+01
 0.118697767771556E+07      0.706315525821670E+14      0.184786511017971E+01
 0.118709806682468E+07      0.697739705779839E+14      0.184793646946749E+01
 0.118721669446143E+07      0.688897468171862E+14      0.184801018827235E+01
 0.118733532209818E+07      0.680161574051730E+14      0.184808207567629E+01
 0.118745394973493E+07      0.671430935409309E+14      0.184815396601425E+01
 0.118757104303158E+07      0.663265169050703E+14      0.184822032761301E+01
 0.118768660198813E+07      0.654872925258749E+14      0.184828864516561E+01
 0.118780216094469E+07      0.646594545839762E+14      0.184835526835358E+01
 0.118791771990125E+07      0.638321158466444E+14      0.184842189472630E+01
 0.118803196355685E+07      0.630544449813501E+14      0.184848381639552E+01
 0.118814489191149E+07      0.622578766585166E+14      0.184854733402375E+01
 0.118825782026613E+07      0.614733317366215E+14      0.184860927909343E+01
 0.118837074862077E+07      0.606892397403796E+14      0.184867122754103E+01
 0.118848256533696E+07      0.599485632674982E+14      0.184872918801993E+01
 0.118859327041471E+07      0.591923840112141E+14      0.184878843261552E+01
 0.118870397549246E+07      0.584487189366156E+14      0.184884621298947E+01
 0.118881468057021E+07      0.577054497212686E+14      0.184890399687649E+01
 0.118892445851925E+07      0.570000045573996E+14      0.184895840512081E+01
 0.118903330933958E+07      0.562820433022521E+14      0.184901383319583E+01
 0.118914216015992E+07      0.555769309116329E+14      0.184906789364069E+01
 0.118925101098025E+07      0.548721531231139E+14      0.184912195768002E+01
 0.118935909847098E+07      0.542002954414582E+14      0.184917316205407E+01
 0.118946642263211E+07      0.535184877178216E+14      0.184922516621415E+01
 0.118957374679324E+07      0.528497110216198E+14      0.184927588918912E+01
 0.118968107095437E+07      0.521812080834688E+14      0.184932661579261E+01
 0.118978777468857E+07      0.515413921667686E+14      0.184937491268487E+01
 0.118989385799582E+07      0.508937846137365E+14      0.184942382899693E+01
 0.118999994130308E+07      0.502592494545052E+14      0.184947154185765E+01
 0.119010602461034E+07      0.496249306739631E+14      0.184951925834060E+01
 0.119021161013715E+07      0.490156935097269E+14      0.184956489996553E+01
 0.119031669788351E+07      0.484004441780985E+14      0.184961101536252E+01
 0.119042178562986E+07      0.477981839780329E+14      0.184965599759083E+01
 0.119052687337622E+07      0.471960881010918E+14      0.184970098340154E+01
 0.119063156685020E+07      0.466160381753357E+14      0.184974418471075E+01
 0.119073586605179E+07      0.460314140117554E+14      0.184978774397825E+01
 0.119084016525338E+07      0.454595891810743E+14      0.184983023399813E+01
 0.119094446445498E+07      0.448878829068664E+14      0.184987272753333E+01
 0.119104845512824E+07      0.443356920690508E+14      0.184991367224485E+01
 0.119115213727317E+07      0.437800645852469E+14      0.184995488437251E+01
 0.119125581941811E+07      0.432369584443168E+14      0.184999508574305E+01
 0.119135950156304E+07      0.426939316999185E+14      0.185003529054015E+01
 0.119146294465179E+07      0.421683292616079E+14      0.185007413633936E+01
 0.119156614868435E+07      0.416401691163192E+14      0.185011318015745E+01
 0.119166935271691E+07      0.411241816685712E+14      0.185015126706690E+01
 0.119177255674947E+07      0.406082409347884E+14      0.185018935729732E+01
 0.119187557644922E+07      0.401080093731189E+14      0.185022624028314E+01
 0.119197841181617E+07      0.396058803911114E+14      0.185026326938176E+01
 0.119208124718311E+07      0.391155209050133E+14      0.185029939144106E+01
 0.119218408255006E+07      0.386251815093329E+14      0.185033551670304E+01
 0.119228677505956E+07      0.381491533020610E+14      0.185037055516012E+01
 0.119238932471161E+07      0.376717063019745E+14      0.185040570212933E+01
 0.119249187436367E+07      0.372055853776863E+14      0.185043998850303E+01
 0.119259442401573E+07      0.367394633927215E+14      0.185047427795195E+01
 0.119269686048375E+07      0.362865186311049E+14      0.185050757552926E+01
 0.119279918376775E+07      0.358324853180731E+14      0.185054095557811E+01
 0.119290150705175E+07      0.353893069022912E+14      0.185057351850966E+01
 0.119300383033575E+07      0.349461110812548E+14      0.185060608438276E+01
 0.119310605967967E+07      0.345151755999742E+14      0.185063773275446E+01
 0.119320819508351E+07      0.340833626913614E+14      0.185066944677442E+01
 0.119331033048734E+07      0.336619163453373E+14      0.185070038456980E+01
 0.119341246589118E+07      0.332404403731302E+14      0.185073132516929E+01
 0.119351451745790E+07      0.328304842088371E+14      0.185076140624802E+01
 0.119361648518750E+07      0.324197678960098E+14      0.185079154338688E+01
 0.119371845291711E+07      0.320189215047665E+14      0.185082094292109E+01
 0.119382042064671E+07      0.316180367317310E+14      0.185085034512029E+01
 0.119392230670070E+07      0.312280727776394E+14      0.185087893288564E+01
 0.119402411107909E+07      0.308373935788616E+14      0.185090757269494E+01
 0.119412591545747E+07      0.304560866050672E+14      0.185093551150297E+01
 0.119422771983586E+07      0.300747353508152E+14      0.185096345283684E+01
 0.119432943786770E+07      0.297038181171607E+14      0.185099061483543E+01
 0.119443106955300E+07      0.293321761427421E+14      0.185101782904957E+01
 0.119453270123830E+07      0.289694134692053E+14      0.185104437705850E+01
 0.119463433292360E+07      0.286066029286830E+14      0.185107092745546E+01
 0.119473586777823E+07      0.282538273504221E+14      0.185109672602208E+01
 0.119483730580217E+07      0.279002779780545E+14      0.185112258002170E+01
 0.119493874382611E+07      0.275551243424459E+14      0.185114780097523E+01
 0.119504018185005E+07      0.272099210895132E+14      0.185117302418143E+01
 0.119514150767757E+07      0.268744213455489E+14      0.185119751742477E+01
 0.119524272130865E+07      0.265380712887507E+14      0.185122207143129E+01
 0.119534393493973E+07      0.262096462881022E+14      0.185124602405239E+01
 0.119544514857081E+07      0.258811713485958E+14      0.185126997879415E+01
 0.119554623060515E+07      0.255621196729927E+14      0.185129322138500E+01
 0.119564718104275E+07      0.252421234166145E+14      0.185131653142768E+01
 0.119574813148036E+07      0.249295970435576E+14      0.185133927035973E+01
 0.119584908191796E+07      0.246170214962887E+14      0.185136201128444E+01
 0.119594987809021E+07      0.243136269729798E+14      0.185138405507921E+01
 0.119605051999710E+07      0.240091835451043E+14      0.185140617377087E+01
 0.119615116190399E+07      0.237117722096504E+14      0.185142775033247E+01
 0.119625180381089E+07      0.234143132671463E+14      0.185144932876326E+01
 0.119635226620507E+07      0.231258206068446E+14      0.185147022329116E+01
 0.119645254908655E+07      0.228361706548112E+14      0.185149120044413E+01
 0.119655283196802E+07      0.225531336424353E+14      0.185151166322827E+01
 0.119665311484950E+07      0.222700511612568E+14      0.185153212776305E+01
 0.119675319100947E+07      0.219957394637158E+14      0.185155192060125E+01
 0.119685306044793E+07      0.217201626023943E+14      0.185157180371073E+01
 0.119695292988640E+07      0.214507989195193E+14      0.185159119905492E+01
 0.119705279932486E+07      0.211813922910338E+14      0.185161059603637E+01
 0.119715243342111E+07      0.209205737982662E+14      0.185162933309398E+01
 0.119725183217515E+07      0.206583862003523E+14      0.185164816771216E+01
 0.119735123092919E+07      0.204020317607704E+14      0.185166654006227E+01
 0.119745062968323E+07      0.201456371361598E+14      0.185168491394157E+01
 0.119754976354883E+07      0.198976559833446E+14      0.185170263966989E+01
 0.119764863252598E+07      0.196482081838057E+14      0.185172046969103E+01
 0.119774750150312E+07      0.194042332932135E+14      0.185173786187829E+01
 0.119784637048027E+07      0.191602211003979E+14      0.185175525549211E+01
 0.119794494452503E+07      0.189244520714376E+14      0.185177201303630E+01
 0.119804322363738E+07      0.186871269609299E+14      0.185178888090957E+01
 0.119814150274974E+07      0.184549340609620E+14      0.185180533435749E+01
 0.119823978186210E+07      0.182227067754683E+14      0.185182178913473E+01
 0.119833773587416E+07      0.179985540698375E+14      0.185183762043924E+01
 0.119843536478593E+07      0.177727650546868E+14      0.185185356732392E+01
 0.119853299369769E+07      0.175517866921999E+14      0.185186912219898E+01
 0.119863062260946E+07      0.173307768284159E+14      0.185188467831146E+01
 0.119872789645321E+07      0.171176728452981E+14      0.185189962418962E+01
 0.119882481522896E+07      0.169028621543309E+14      0.185191469006473E+01
 0.119892173400471E+07      0.166925591459356E+14      0.185192938538270E+01
 0.119901865278045E+07      0.164822274394287E+14      0.185194408185149E+01
 0.119911518699946E+07      0.162796315843394E+14      0.185195818202803E+01
 0.119921133666173E+07      0.160752687053657E+14      0.185197240576640E+01
 0.119930748632400E+07      0.158751284711824E+14      0.185198627946423E+01
 0.119940363598627E+07      0.156749622266992E+14      0.185200015423142E+01
 0.119949937231963E+07      0.154823597449340E+14      0.185201344736488E+01
 0.119959469532406E+07      0.152879399759751E+14      0.185202686678015E+01
 0.119969001832849E+07      0.150974750202065E+14      0.185203995576148E+01
 0.119978534133292E+07      0.149069866035234E+14      0.185205304573567E+01
 0.119988022315305E+07      0.147238874439343E+14      0.185206556942647E+01
 0.119997466378888E+07      0.145389305463286E+14      0.185207822129994E+01
 0.120006910442470E+07      0.143576770654678E+14      0.185209056146094E+01
 0.120016354506053E+07      0.141764025204262E+14      0.185210290254311E+01
 0.120025751774012E+07      0.140023402322422E+14      0.185211469333196E+01
 0.120035102246347E+07      0.138263891745570E+14      0.185212661342480E+01
 0.120044452718682E+07      0.136539057768845E+14      0.185213823966593E+01
 0.120053803191017E+07      0.134814035517026E+14      0.185214986676114E+01
 0.120063104312536E+07      0.133159342164045E+14      0.185216096012142E+01
 0.120072356083238E+07      0.131485539996429E+14      0.185217218317687E+01
 0.120081607853940E+07      0.129844205221203E+14      0.185218312940486E+01
 0.120090859624641E+07      0.128202702914715E+14      0.185219407642424E+01
 0.120100059622308E+07      0.126629714911088E+14      0.185220450675123E+01
 0.120109207846938E+07      0.125037480470402E+14      0.185221506649043E+01
 0.120118356071569E+07      0.123475644578227E+14      0.185222536561404E+01
 0.120127504296200E+07      0.121913660292182E+14      0.185223566547054E+01
 0.120136598467146E+07      0.120418358520218E+14      0.185224546606976E+01
 0.120145638584408E+07      0.118903750076143E+14      0.185225539518391E+01
 0.120154678701669E+07      0.117417603842026E+14      0.185226507910627E+01
 0.120163718818931E+07      0.115931326789649E+14      0.185227476370699E+01
 0.120172702749933E+07      0.114509887626598E+14      0.185228396678329E+01
 0.120181630494674E+07      0.113069152645675E+14      0.185229329692449E+01
 0.120190558239415E+07      0.111655068391461E+14      0.185230239653409E+01
 0.120199485984156E+07      0.110240869397408E+14      0.185231149677131E+01
 0.120208355562804E+07      0.108889655525852E+14      0.185232013341984E+01
 0.120217166975360E+07      0.107519221464700E+14      0.185232889519221E+01
 0.120225978387915E+07      0.106173744112654E+14      0.185233744035424E+01
 0.120234789800471E+07      0.104828166680018E+14      0.185234598609669E+01
 0.120243541222924E+07      0.103543718272775E+14      0.185235408629674E+01
 0.120252232655274E+07      0.102240183874419E+14      0.185236230924903E+01
 0.120260924087625E+07      0.100960022540142E+14      0.185237032879816E+01
 0.120269615519975E+07      0.996797744517562E+13      0.185237834888385E+01
 0.120278245295743E+07      0.984588007260449E+13      0.185238594149597E+01
 0.120286813414927E+07      0.972189277799973E+13      0.185239365411653E+01
 0.120295381534112E+07      0.960009478528310E+13      0.185240117585200E+01
 0.120303949653296E+07      0.947828932562061E+13      0.185240869808332E+01
 0.120312454607485E+07      0.936222643899207E+13      0.185241581085007E+01
 0.120320896396676E+07      0.924429699215851E+13      0.185242304056475E+01
 0.120329338185868E+07      0.912841855882396E+13      0.185243009124837E+01
 0.120337779975060E+07      0.901253375207821E+13      0.185243714239009E+01
 0.120346157248458E+07      0.890220769222086E+13      0.185244380194051E+01
 0.120354470006063E+07      0.879004257813388E+13      0.185245057511381E+01
 0.120362782763668E+07      0.867979929547084E+13      0.185245718047112E+01
 0.120371095521273E+07      0.856955062719640E+13      0.185246378625153E+01
 0.120379342568631E+07      0.846467831931697E+13      0.185247001810943E+01
 0.120387523905744E+07      0.835799810145922E+13      0.185247636004905E+01
 0.120395705242856E+07      0.825311906349779E+13      0.185248254477378E+01
 0.120403886579969E+07      0.814823553096861E+13      0.185248872988924E+01
 0.120412001166782E+07      0.804854777930091E+13      0.185249455848493E+01
 0.120420049003297E+07      0.794708643057557E+13      0.185250049344975E+01
 0.120428096839811E+07      0.784731359860242E+13      0.185250628121171E+01
 0.120436144676326E+07      0.774753707499786E+13      0.185251206933442E+01
 0.120444124874407E+07      0.765277788965087E+13      0.185251751801995E+01
 0.120452037434055E+07      0.755628215599727E+13      0.185252306923131E+01
 0.120459949993702E+07      0.746136975497747E+13      0.185252848268739E+01
 0.120467862553350E+07      0.736645438539628E+13      0.185253389647651E+01
 0.120475706735448E+07      0.727638034025846E+13      0.185253898754392E+01
 0.120483482539995E+07      0.718460913503970E+13      0.185254417720006E+01
 0.120491258344543E+07      0.709432307975375E+13      0.185254923800838E+01
 0.120499034149090E+07      0.700403470689178E+13      0.185255429912413E+01
 0.120506740982777E+07      0.691841432743471E+13      0.185255905382656E+01
 0.120514378845603E+07      0.683113815484289E+13      0.185256390311990E+01
 0.120522016708430E+07      0.674525550379402E+13      0.185256863195675E+01
 0.120529654571256E+07      0.665937112136028E+13      0.185257336107740E+01
 0.120537223012287E+07      0.657798430118482E+13      0.185257779965263E+01
 0.120544722031522E+07      0.649498470705909E+13      0.185258232878973E+01
 0.120552221050757E+07      0.641329314240883E+13      0.185258674536909E+01
 0.120559720069992E+07      0.633160037455202E+13      0.185259116221042E+01
 0.120567149355303E+07      0.625423781953269E+13      0.185259530390659E+01
 0.120574508906688E+07      0.617530686811221E+13      0.185259953213042E+01
 0.120581868458073E+07      0.609760420007046E+13      0.185260365522570E+01
 0.120589228009458E+07      0.601990080525158E+13      0.185260777856283E+01
 0.120596517649953E+07      0.594636350415622E+13      0.185261164166593E+01
 0.120603737379559E+07      0.587130327939903E+13      0.185261558728012E+01
 0.120610957109164E+07      0.579739697363352E+13      0.185261943474789E+01
 0.120618176838770E+07      0.572349037151547E+13      0.185262328243899E+01
 0.120625326612027E+07      0.565358909200645E+13      0.185262688430184E+01
 0.120632406428936E+07      0.558221122219897E+13      0.185263056469667E+01
 0.120639486245845E+07      0.551191794894453E+13      0.185263415350209E+01
 0.120646566062754E+07      0.544162476898233E+13      0.185263774251378E+01
 0.120653576005728E+07      0.537517957794019E+13      0.185264109958619E+01
 0.120660516074768E+07      0.530730478240332E+13      0.185264453126594E+01
 0.120667456143808E+07      0.524044998604781E+13      0.185264787750949E+01
 0.120674396212848E+07      0.517359563655720E+13      0.185265122394358E+01
 0.120681266614657E+07      0.511043544370637E+13      0.185265435180331E+01
 0.120688067349236E+07      0.504589310047601E+13      0.185265755041478E+01
 0.120694868083815E+07      0.498231058848107E+13      0.185266066936005E+01
 0.120701668818394E+07      0.491872884504376E+13      0.185266378848143E+01
 0.120708400213221E+07      0.485869096890152E+13      0.185266670186577E+01
 0.120715062268294E+07      0.479731870232507E+13      0.185266968222755E+01
 0.120721724323368E+07      0.473685025241132E+13      0.185267258832990E+01
 0.120728386378441E+07      0.467638286454505E+13      0.185267549459508E+01
 0.120734979538560E+07      0.461931261975700E+13      0.185267820743276E+01
 0.120741503803724E+07      0.456095590700621E+13      0.185268098356504E+01
 0.120748028068888E+07      0.450345089159604E+13      0.185268369050073E+01
 0.120754552334052E+07      0.444594720668177E+13      0.185268639758706E+01
 0.120761008262972E+07      0.439169751184894E+13      0.185268892303020E+01
 0.120767395855648E+07      0.433620930740473E+13      0.185269150818499E+01
 0.120773783448325E+07      0.428152433437692E+13      0.185269402888062E+01
 0.120780171041001E+07      0.422684093789669E+13      0.185269654971572E+01
 0.120786490966663E+07      0.417527194303868E+13      0.185269890017164E+01
 0.120792743225310E+07      0.412251232025744E+13      0.185270130686296E+01
 0.120798995483956E+07      0.407051088912947E+13      0.185270365352502E+01
 0.120805247742603E+07      0.401851126033162E+13      0.185270600031631E+01
 0.120811433110547E+07      0.396948999316527E+13      0.185270818747909E+01
 0.120817551587787E+07      0.391932580209049E+13      0.185271042751308E+01
 0.120823670065028E+07      0.386987797481040E+13      0.185271261165737E+01
 0.120829788542268E+07      0.382043215698698E+13      0.185271479592148E+01
 0.120835841008660E+07      0.377383218722878E+13      0.185271683080291E+01
 0.120841827464204E+07      0.372613672786899E+13      0.185271891530771E+01
 0.120847813919747E+07      0.367911881347329E+13      0.185272094778841E+01
 0.120853800375291E+07      0.363210309811187E+13      0.185272298038032E+01
 0.120859721799653E+07      0.358780421903235E+13      0.185272487334029E+01
 0.120865578192834E+07      0.354245692938706E+13      0.185272681279535E+01
 0.120871434586016E+07      0.349775118186688E+13      0.185272870383372E+01
 0.120877290979197E+07      0.345304780602828E+13      0.185273059497544E+01
 0.120883083416665E+07      0.341093573249661E+13      0.185273235575158E+01
 0.120888811898420E+07      0.336782189067814E+13      0.185273416001645E+01
 0.120894540380175E+07      0.332531621949529E+13      0.185273591922893E+01
 0.120900268861930E+07      0.328281307587231E+13      0.185273767853755E+01
 0.120905934554840E+07      0.324277915812674E+13      0.185273931627403E+01
 0.120911537458906E+07      0.320178959799702E+13      0.185274099461645E+01
 0.120917140362972E+07      0.316137729080558E+13      0.185274263104206E+01
 0.120922743267037E+07      0.312096765003529E+13      0.185274426755721E+01
 0.120928284635635E+07      0.308290860239995E+13      0.185274579083262E+01
 0.120933764468765E+07      0.304393944221792E+13      0.185274735195584E+01
 0.120939244301895E+07      0.300551889947275E+13      0.185274887408284E+01
 0.120944724135025E+07      0.296710114440478E+13      0.185275039629335E+01
 0.120950143767086E+07      0.293091878814577E+13      0.185275181314770E+01
 0.120955503198077E+07      0.289387117179881E+13      0.185275326521695E+01
 0.120960862629068E+07      0.285734565306583E+13      0.185275468100870E+01
 0.120966222060060E+07      0.282082302482431E+13      0.185275609687846E+01
 0.120971522699237E+07      0.278642404430030E+13      0.185275741483921E+01
 0.120976764546601E+07      0.275120389476997E+13      0.185275876550737E+01
 0.120982006393965E+07      0.271648127668425E+13      0.185276008242733E+01
 0.120987248241329E+07      0.268176163249202E+13      0.185276139942027E+01
 0.120992432774088E+07      0.264905734371229E+13      0.185276262552753E+01
 0.120997559992242E+07      0.261557512849205E+13      0.185276388195984E+01
 0.121002687210397E+07      0.258256767442482E+13      0.185276510699580E+01
 0.121007814428551E+07      0.254956325727071E+13      0.185276633210010E+01
 0.121012885869601E+07      0.251846938793303E+13      0.185276747293091E+01
 0.121017901533547E+07      0.248663989616703E+13      0.185276864182895E+01
 0.121022917197493E+07      0.245526403774421E+13      0.185276978151632E+01
 0.121027932861438E+07      0.242389125804777E+13      0.185277092126779E+01
 0.121032894337679E+07      0.239432773810221E+13      0.185277198295960E+01
 0.121037801626213E+07      0.236406986923800E+13      0.185277307058446E+01
 0.121042708914748E+07      0.233424599987898E+13      0.185277413102890E+01
 0.121047616203282E+07      0.230442522932113E+13      0.185277519153358E+01
 0.121052470936370E+07      0.227631599110516E+13      0.185277617980708E+01
 0.121057273114012E+07      0.224755255484047E+13      0.185277719200170E+01
 0.121062075291654E+07      0.221920483543505E+13      0.185277817890102E+01
 0.121066877469295E+07      0.219086021305526E+13      0.185277916585700E+01
 0.121071628757074E+07      0.216413300008592E+13      0.185278008603828E+01
 0.121076329154989E+07      0.213679052733009E+13      0.185278102824924E+01
 0.121081029552904E+07      0.210984670402481E+13      0.185278194691458E+01
 0.121085729950819E+07      0.208290595451860E+13      0.185278286563328E+01
 0.121090381147943E+07      0.205749213812210E+13      0.185278372267539E+01
 0.121094983144274E+07      0.203150070258214E+13      0.185278459997407E+01
 0.121099585140605E+07      0.200589193639330E+13      0.185278545535053E+01
 0.121104187136937E+07      0.198028620026736E+13      0.185278631077732E+01
 0.121108741635140E+07      0.195612060338591E+13      0.185278710928139E+01
 0.121113248635217E+07      0.193141365322510E+13      0.185278792638449E+01
 0.121117755635293E+07      0.190707436083700E+13      0.185278872307127E+01
 0.121122262635369E+07      0.188273803569959E+13      0.185278951980556E+01
 0.121126723843866E+07      0.185975876344264E+13      0.185279026404135E+01
 0.121131139260783E+07      0.183627296225634E+13      0.185279102533103E+01
 0.121135554677700E+07      0.181314066691818E+13      0.185279176760102E+01
 0.121139970094617E+07      0.179001125872276E+13      0.185279250991588E+01
 0.121144341421071E+07      0.176815953551877E+13      0.185279320384183E+01
 0.121148668657061E+07      0.174583461164665E+13      0.185279391338528E+01
 0.121152995893052E+07      0.172384980259295E+13      0.185279460520411E+01
 0.121157323129043E+07      0.170186778515865E+13      0.185279529706539E+01
 0.121161607961448E+07      0.168108779869495E+13      0.185279594434809E+01
 0.121165850390268E+07      0.165986640167200E+13      0.185279660591654E+01
 0.121170092819088E+07      0.163897240002204E+13      0.185279725096123E+01
 0.121174335247907E+07      0.161808108069512E+13      0.185279789604611E+01
 0.121178536937428E+07      0.159831983317285E+13      0.185279850007895E+01
 0.121182697887649E+07      0.157814739595490E+13      0.185279911716608E+01
 0.121186858837870E+07      0.155829022468183E+13      0.185279971884298E+01
 0.121191019788092E+07      0.153843561366551E+13      0.185280032055792E+01
 0.121195141632517E+07      0.151964278119717E+13      0.185280088447892E+01
 0.121199224371148E+07      0.150046738672788E+13      0.185280146031851E+01
 0.121203307109778E+07      0.148159564213010E+13      0.185280202178047E+01
 0.121207389848408E+07      0.146272632290135E+13      0.185280258327848E+01
 0.121211435075342E+07      0.144485412407786E+13      0.185280310998683E+01
 0.121215442790579E+07      0.142662637484928E+13      0.185280364756946E+01
 0.121219450505817E+07      0.140869109711751E+13      0.185280417173218E+01
 0.121223458221054E+07      0.139075809558331E+13      0.185280469592906E+01
 0.121227429969295E+07      0.137376117026544E+13      0.185280518810039E+01
 0.121231365750540E+07      0.135643405981900E+13      0.185280569018901E+01
 0.121235301531784E+07      0.133938860089288E+13      0.185280617974618E+01
 0.121239237313029E+07      0.132234525163478E+13      0.185280666933573E+01
 0.121243138609943E+07      0.130618055080078E+13      0.185280712943567E+01
 0.121247005422525E+07      0.128970933668056E+13      0.185280759857982E+01
 0.121250872235108E+07      0.127350922475410E+13      0.185280805601702E+01
 0.121254739047690E+07      0.125731103399798E+13      0.185280851348489E+01
 0.121258572779774E+07      0.124193772091748E+13      0.185280894378097E+01
 0.121262373431358E+07      0.122627979948804E+13      0.185280938232952E+01
 0.121266174082942E+07      0.121088260139827E+13      0.185280980993658E+01
 0.121269974734527E+07      0.119548710837200E+13      0.185281023757267E+01
 0.121273743608108E+07      0.118086647037582E+13      0.185281064014441E+01
 0.121277480703686E+07      0.116598125523742E+13      0.185281105025668E+01
 0.121281217799263E+07      0.115134644074041E+13      0.185281145013855E+01
 0.121284954894841E+07      0.113671308204513E+13      0.185281185004788E+01
 0.121288661384209E+07      0.112280845059253E+13      0.185281222679536E+01
 0.121292337267367E+07      0.110865725819335E+13      0.185281261045075E+01
 0.121296013150525E+07      0.109474607408197E+13      0.185281298453688E+01
 0.121299689033683E+07      0.108083605991298E+13      0.185281335864891E+01
 0.121303335315433E+07      0.106761273433606E+13      0.185281371130054E+01
 0.121306951995775E+07      0.105415868300237E+13      0.185281407030697E+01
 0.121310568676117E+07      0.104093405062754E+13      0.185281442035953E+01
 0.121314185356459E+07      0.102771026766801E+13      0.185281477043647E+01
 0.121317773232207E+07      0.101513543460080E+13      0.185281510055685E+01
 0.121321332303361E+07      0.100234336693701E+13      0.185281543655877E+01
 0.121324891374514E+07      0.989769824772067E+12      0.185281576418048E+01
 0.121328450445668E+07      0.977196789252721E+12      0.185281609182503E+01
 0.121331981261720E+07      0.965239424839762E+12      0.185281640082510E+01
 0.121335483822670E+07      0.953075868867838E+12      0.185281671531228E+01
 0.121338986383620E+07      0.941119593633244E+12      0.185281702195502E+01
 0.121342488944570E+07      0.929163490869007E+12      0.185281732861907E+01
 0.121345963528412E+07      0.917794225603475E+12      0.185281761777131E+01
 0.121349410135145E+07      0.906227417966816E+12      0.185281791209060E+01
 0.121352856741878E+07      0.894856375448645E+12      0.185281819906697E+01
 0.121356303348611E+07      0.883485241207218E+12      0.185281848606313E+01
 0.121359722000870E+07      0.872676156499700E+12      0.185281875652663E+01
 0.121363112698654E+07      0.861676162538844E+12      0.185281903189986E+01
 0.121366503396439E+07      0.850860464735449E+12      0.185281930040083E+01
 0.121369894094223E+07      0.840044591144382E+12      0.185281956892013E+01
 0.121373256704772E+07      0.829768901056177E+12      0.185281982178213E+01
 0.121376591228087E+07      0.819307881908385E+12      0.185282007933518E+01
 0.121379925751402E+07      0.809020460753397E+12      0.185282033045868E+01
 0.121383260274716E+07      0.798733144373204E+12      0.185282058159919E+01
 0.121386566677289E+07      0.788964694670840E+12      0.185282081794268E+01
 0.121389844959121E+07      0.779017387775301E+12      0.185282105875255E+01
 0.121393123240952E+07      0.769235128690064E+12      0.185282129354987E+01
 0.121396401522783E+07      0.759453908387252E+12      0.185282152836319E+01
 0.121399652267115E+07      0.750166401576188E+12      0.185282174937258E+01
 0.121402875473949E+07      0.740710884551661E+12      0.185282197454190E+01
 0.121406098680782E+07      0.731416359090038E+12      0.185282219409099E+01
 0.121409321887615E+07      0.722124869275130E+12      0.185282241365563E+01
 0.121412519687923E+07      0.713290715412581E+12      0.185282262077355E+01
 0.121415692081706E+07      0.704309474041870E+12      0.185282283154345E+01
 0.121418864475490E+07      0.695493266252071E+12      0.185282303705980E+01
 0.121422036869273E+07      0.686683629733644E+12      0.185282324259223E+01
 0.121425189057452E+07      0.678272380542036E+12      0.185282343773536E+01
 0.121428321040027E+07      0.669753508177123E+12      0.185282363564575E+01
 0.121431453022602E+07      0.661416623080599E+12      0.185282382863973E+01
 0.121434585005177E+07      0.653091676684065E+12      0.185282402165176E+01
 0.121437707303611E+07      0.645068246837798E+12      0.185282420747456E+01
 0.121440819917902E+07      0.637006125294067E+12      0.185282439457096E+01
 0.121443932532194E+07      0.629160822624686E+12      0.185282457705027E+01
 0.121447045146486E+07      0.621334166871600E+12      0.185282475955156E+01
 0.121450166833387E+07      0.613657674683734E+12      0.185282493970443E+01
 0.121453297592898E+07      0.606051711146953E+12      0.185282511876487E+01
 0.121456428352408E+07      0.598717544455424E+12      0.185282529345577E+01
 0.121459559111918E+07      0.591407959887156E+12      0.185282546817480E+01
 0.121462302418897E+07      0.588014506194167E+12      0.185282555216917E+01
 0.121464658273345E+07      0.582697666734367E+12      0.185282568130253E+01
 0.121467014127794E+07      0.577563211096736E+12      0.185282580813665E+01
 0.121469369982242E+07      0.572439238874012E+12      0.185282593498465E+01
 0.121471655532974E+07      0.568118794393666E+12      0.185282604447257E+01
 0.121473870779990E+07      0.563478733658196E+12      0.185282616180785E+01
 0.121476086027007E+07      0.559014777413569E+12      0.185282627725883E+01
 0.121478301274023E+07      0.554557823376341E+12      0.185282639272225E+01
 0.121480483589921E+07      0.550545981025798E+12      0.185282649950936E+01
 0.121482632974701E+07      0.546396340075237E+12      0.185282660985049E+01
 0.121484782359481E+07      0.542417747877044E+12      0.185282671855868E+01
 0.121486931744262E+07      0.538443141389886E+12      0.185282682727844E+01
 0.121489095610750E+07      0.534531736505205E+12      0.185282693736616E+01
 0.121491273958948E+07      0.530681390099142E+12      0.185282704595680E+01
 0.121493452307146E+07      0.527003223216303E+12      0.185282715301403E+01
 0.121495630655343E+07      0.523326572500726E+12      0.185282726008292E+01
 0.121497873941600E+07      0.519378716785773E+12      0.185282737845962E+01
 0.121500182165915E+07      0.515671653942009E+12      0.185282749027921E+01
 0.121502490390230E+07      0.512145324964794E+12      0.185282760053708E+01
 0.121504798614546E+07      0.508618171137681E+12      0.185282771080773E+01
 0.121507238727132E+07      0.504455993974406E+12      0.185282784480440E+01
 0.121509810727989E+07      0.500737782746391E+12      0.185282796584190E+01
 0.121512382728846E+07      0.497219780927837E+12      0.185282808513770E+01
 0.121514954729703E+07      0.493698173565613E+12      0.185282820444906E+01
 0.121517790963985E+07      0.488913293275476E+12      0.185282837115987E+01
 0.121520891431692E+07      0.484933985630063E+12      0.185282851259776E+01
 0.121523991899400E+07      0.481200612222255E+12      0.185282865179602E+01
 0.121527092367107E+07      0.477458870814276E+12      0.185282879101692E+01
 0.121531129448842E+07      0.469406702876870E+12      0.185282909644316E+01
 0.121536103144604E+07      0.463960850915798E+12      0.185282931434012E+01
 0.121541076840367E+07      0.458994889234818E+12      0.185282952737089E+01
 0.121546050536129E+07      0.453995216732291E+12      0.185282974046956E+01
 0.121550497012088E+07      0.451533921889468E+12      0.185282985864479E+01
 0.121554416268242E+07      0.447823666232765E+12      0.185283002385747E+01
 0.121558335524397E+07      0.444335561759001E+12      0.185283018643234E+01
 0.121562254780552E+07      0.440834121015579E+12      0.185283034903216E+01
 0.121566239419920E+07      0.437293319467404E+12      0.185283051999506E+01
 0.121570289442501E+07      0.433870850623544E+12      0.185283068537906E+01
 0.121574339465082E+07      0.430630721811086E+12      0.185283084824395E+01
 0.121578389487663E+07      0.427379163477013E+12      0.185283101112986E+01
 0.121582600045351E+07      0.423771098829587E+12      0.185283119745600E+01
 0.121586971138144E+07      0.420437245434438E+12      0.185283137047944E+01
 0.121591342230938E+07      0.417266383377376E+12      0.185283154085142E+01
 0.121595713323732E+07      0.414084680120073E+12      0.185283171124351E+01
 0.121600307465634E+07      0.410395141815389E+12      0.185283191389424E+01
 0.121605124656644E+07      0.407051451175959E+12      0.185283209861300E+01
 0.121609941847654E+07      0.403858767094685E+12      0.185283228039820E+01
 0.121614759038664E+07      0.400655374607745E+12      0.185283246220374E+01
 0.121619858351584E+07      0.396832103756556E+12      0.185283268380061E+01
 0.121625239786414E+07      0.393407258634413E+12      0.185283288340293E+01
 0.121630621221244E+07      0.390125017176230E+12      0.185283307964520E+01
 0.121636002656074E+07      0.386831974078305E+12      0.185283327590865E+01
 0.121642672084815E+07      0.380504723865911E+12      0.185283365689727E+01
 0.121650629507467E+07      0.375888017230906E+12      0.185283394002632E+01
 0.121658586930119E+07      0.371494588064813E+12      0.185283421647670E+01
 0.121666544352771E+07      0.367077618839113E+12      0.185283449297372E+01
 0.121674697204226E+07      0.362411665954478E+12      0.185283479024363E+01
 0.121683045484482E+07      0.357962245787420E+12      0.185283507330722E+01
 0.121691393764739E+07      0.353683978536400E+12      0.185283534959263E+01
 0.121699742044995E+07      0.349388632930352E+12      0.185283562591522E+01
 0.121708206384588E+07      0.344998750835016E+12      0.185283591105474E+01
 0.121716786783518E+07      0.340722732937278E+12      0.185283618816430E+01
 0.121725367182448E+07      0.336577182487556E+12      0.185283645855675E+01
 0.121733947581377E+07      0.332420104510046E+12      0.185283672897817E+01
 0.121742575839120E+07      0.328283049233898E+12      0.185283699889513E+01
 0.121751251955674E+07      0.324185844996926E+12      0.185283726567103E+01
 0.121759928072229E+07      0.320189915998023E+12      0.185283752592155E+01
 0.121768604188784E+07      0.316186824953970E+12      0.185283778619482E+01
 0.121777277322505E+07      0.312279605243635E+12      0.185283803972749E+01
 0.121785947473390E+07      0.308364093761645E+12      0.185283829346841E+01
 0.121794617624276E+07      0.304530525426647E+12      0.185283854096476E+01
 0.121803287775161E+07      0.300692974064893E+12      0.185283878847968E+01
 0.121811921986150E+07      0.296994826475009E+12      0.185283902576437E+01
 0.121820520257241E+07      0.293260797922210E+12      0.185283926522080E+01
 0.121829118528333E+07      0.289596849913907E+12      0.185283949876245E+01
 0.121837716799424E+07      0.285931065069029E+12      0.185283973232008E+01
 0.121846261116927E+07      0.282424289271772E+12      0.185283995420413E+01
 0.121854751480842E+07      0.278868727417815E+12      0.185284017918130E+01
 0.121863241844757E+07      0.275376463466911E+12      0.185284039859086E+01
 0.121871732208673E+07      0.271883695454786E+12      0.185284061801493E+01
 0.121880161401782E+07      0.268553650226526E+12      0.185284082564254E+01
 0.121888529424087E+07      0.265171404812941E+12      0.185284103660456E+01
 0.121896897446391E+07      0.261848787196153E+12      0.185284124234237E+01
 0.121905265468695E+07      0.258526409223424E+12      0.185284144809388E+01
 0.121913572003644E+07      0.255361058172899E+12      0.185284164266345E+01
 0.121921817051238E+07      0.252145582580518E+12      0.185284184042184E+01
 0.121930062098833E+07      0.248987756355862E+12      0.185284203328353E+01
 0.121938307146427E+07      0.245830518778930E+12      0.185284222615843E+01
 0.121946494259229E+07      0.242819838209749E+12      0.185284240880195E+01
 0.121954623437239E+07      0.239763820947397E+12      0.185284259430504E+01
 0.121962752615249E+07      0.236764241690436E+12      0.185284277521727E+01
 0.121970881793259E+07      0.233765355965065E+12      0.185284295614240E+01
 0.121978958366435E+07      0.230900786281953E+12      0.185284312787738E+01
 0.121986982334778E+07      0.227996619871884E+12      0.185284330208413E+01
 0.121995006303120E+07      0.225147901704625E+12      0.185284347198266E+01
 0.122003030271463E+07      0.222299844784467E+12      0.185284364189375E+01
 0.122011007428697E+07      0.219573857870177E+12      0.185284380361315E+01
 0.122018937774821E+07      0.216813952446239E+12      0.185284396742687E+01
 0.122026868120945E+07      0.214108440667130E+12      0.185284412719240E+01
 0.122034798467069E+07      0.211403491170279E+12      0.185284428697017E+01
 0.122042687507790E+07      0.208809281376641E+12      0.185284443944997E+01
 0.122050535243107E+07      0.206186255408332E+12      0.185284459368969E+01
 0.122058382978424E+07      0.203616379467286E+12      0.185284474412043E+01
 0.122066230713741E+07      0.201046943369717E+12      0.185284489456304E+01
 0.122074041981350E+07      0.198578221456168E+12      0.185284503847668E+01
 0.122081816781250E+07      0.196085005462074E+12      0.185284518387027E+01
 0.122089591581150E+07      0.193643476317677E+12      0.185284532567543E+01
 0.122097366381050E+07      0.191202265485154E+12      0.185284546749205E+01
 0.122105108733031E+07      0.188853128071828E+12      0.185284560342631E+01
 0.122112818637092E+07      0.186483011466407E+12      0.185284574061485E+01
 0.122120528541154E+07      0.184162917417006E+12      0.185284587441908E+01
 0.122128238445215E+07      0.181843033282958E+12      0.185284600823430E+01
 0.122135919086969E+07      0.179607883359255E+12      0.185284613670415E+01
 0.122143570466415E+07      0.177354526620323E+12      0.185284626625144E+01
 0.122151221845861E+07      0.175149367288882E+12      0.185284639260402E+01
 0.122158873225307E+07      0.172944327469753E+12      0.185284651896713E+01
 0.122166497749347E+07      0.170817827398372E+12      0.185284664042879E+01
 0.122174095417980E+07      0.168675254582557E+12      0.185284676283221E+01
 0.122181693086614E+07      0.166578939771726E+12      0.185284688221782E+01
 0.122189290755248E+07      0.164482672754152E+12      0.185284700161346E+01
 0.122196863285954E+07      0.162459716924202E+12      0.185284711647524E+01
 0.122204410678733E+07      0.160422298099950E+12      0.185284723217647E+01
 0.122211958071513E+07      0.158429128425053E+12      0.185284734502551E+01
 0.122219505464292E+07      0.156435952056896E+12      0.185284745788409E+01
 0.122227028848058E+07      0.154511650831731E+12      0.185284756651529E+01
 0.122234528222811E+07      0.152574080205763E+12      0.185284767590978E+01
 0.122242027597564E+07      0.150678719655844E+12      0.185284778260768E+01
 0.122249526972318E+07      0.148783312781583E+12      0.185284788931464E+01
 0.122257002978423E+07      0.146952982565853E+12      0.185284799205263E+01
 0.122264455615881E+07      0.145110255599460E+12      0.185284809549776E+01
 0.122271908253340E+07      0.143307701797873E+12      0.185284819639288E+01
 0.122279360890798E+07      0.141505074282535E+12      0.185284829729657E+01
 0.122286790404179E+07      0.139764230640066E+12      0.185284839445242E+01
 0.122294196793484E+07      0.138011621906003E+12      0.185284849227414E+01
 0.122301603182789E+07      0.136297177133875E+12      0.185284858768427E+01
 0.122309009572094E+07      0.134582641010736E+12      0.185284868310249E+01
 0.122316392768714E+07      0.132926993097745E+12      0.185284877496538E+01
 0.122323752772650E+07      0.131260035704977E+12      0.185284886746366E+01
 0.122331112776586E+07      0.129629280143351E+12      0.185284895768129E+01
 0.122338472780522E+07      0.127998423145824E+12      0.185284904790654E+01
 0.122345809281616E+07      0.126423868535572E+12      0.185284913474715E+01
 0.122353122279868E+07      0.124838335421509E+12      0.185284922220027E+01
 0.122360435278120E+07      0.123287103154367E+12      0.185284930749675E+01
 0.122367748276372E+07      0.121735765063386E+12      0.185284939280042E+01
 0.122375037280976E+07      0.120238384515076E+12      0.185284947487359E+01
 0.122382302291931E+07      0.118730271620112E+12      0.185284955754153E+01
 0.122389567302887E+07      0.117254629449090E+12      0.185284963817042E+01
 0.122396832313842E+07      0.115778881247833E+12      0.185284971880607E+01
 0.122404072710682E+07      0.114354933241498E+12      0.185284979635282E+01
 0.122411288493408E+07      0.112920444439938E+12      0.185284987447989E+01
 0.122418504276133E+07      0.111516673318885E+12      0.185284995067948E+01
 0.122425720058858E+07      0.110112798934732E+12      0.185285002688543E+01
 0.122432910519478E+07      0.108758713937783E+12      0.185285010013453E+01
 0.122440075657991E+07      0.107394247540756E+12      0.185285017395145E+01
 0.122447240796504E+07      0.106058826337063E+12      0.185285024594678E+01
 0.122454405935017E+07      0.104723306666935E+12      0.185285031794807E+01
 0.122461544990309E+07      0.103435681168817E+12      0.185285038711724E+01
 0.122468657962378E+07      0.102137817801286E+12      0.185285045684268E+01
 0.122475770934448E+07      0.100867409066520E+12      0.185285052484706E+01
 0.122482883906518E+07      0.995969079667870E+11      0.185285059285704E+01
 0.122489970008871E+07      0.983724983477174E+11      0.185285065815387E+01
 0.122497029241508E+07      0.971379900110074E+11      0.185285072399571E+01
 0.122504088474145E+07      0.959294274580244E+11      0.185285078821192E+01
 0.122511147706783E+07      0.947207793994427E+11      0.185285085243339E+01
 0.122518179279918E+07      0.935564957063318E+11      0.185285091405606E+01
 0.122525183193552E+07      0.923822558571972E+11      0.185285097621233E+01
 0.122532187107186E+07      0.912325332729483E+11      0.185285103683354E+01
 0.122539191020819E+07      0.900827323951032E+11      0.185285109745969E+01
 0.122546166499197E+07      0.889756320936831E+11      0.185285115559754E+01
 0.122553113542317E+07      0.878587265937618E+11      0.185285121425713E+01
 0.122560060585437E+07      0.867649879546853E+11      0.185285127146763E+01
 0.122567007628558E+07      0.856711782925615E+11      0.185285132868277E+01
 0.122573925488033E+07      0.846184600556777E+11      0.185285138351674E+01
 0.122580814163864E+07      0.835560988676775E+11      0.185285143886002E+01
 0.122587702839695E+07      0.825156294617327E+11      0.185285149283577E+01
 0.122594591515526E+07      0.814750961539185E+11      0.185285154681587E+01
 0.122601450296719E+07      0.804740937353139E+11      0.185285159851891E+01
 0.122608279183276E+07      0.794636232627299E+11      0.185285165071817E+01
 0.122615108069833E+07      0.784738416558920E+11      0.185285170162725E+01
 0.122621936956390E+07      0.774840029770833E+11      0.185285175254040E+01
 0.122628735282015E+07      0.765321792096081E+11      0.185285180127775E+01
 0.122635503046710E+07      0.755710751945281E+11      0.185285185049760E+01
 0.122642270811404E+07      0.746295259088585E+11      0.185285189850059E+01
 0.122649038576098E+07      0.736879259979034E+11      0.185285194650739E+01
 0.122655775163334E+07      0.727828669457203E+11      0.185285199243687E+01
 0.122662480573111E+07      0.718687278542705E+11      0.185285203883455E+01
 0.122669185982888E+07      0.709730746493661E+11      0.185285208408484E+01
 0.122675891392665E+07      0.700773768280745E+11      0.185285212933871E+01
 0.122682565061477E+07      0.692167861144143E+11      0.185285217261097E+01
 0.122689206989324E+07      0.683473269518234E+11      0.185285221633663E+01
 0.122695848917171E+07      0.674953466218535E+11      0.185285225898070E+01
 0.122702490845017E+07      0.666433272195683E+11      0.185285230162813E+01
 0.122709100523206E+07      0.658250205449317E+11      0.185285234238689E+01
 0.122715677951735E+07      0.649980670523637E+11      0.185285238358385E+01
 0.122722255380264E+07      0.641876436675598E+11      0.185285242376150E+01
 0.122728832808793E+07      0.633771862825829E+11      0.185285246394231E+01
 0.122735377534406E+07      0.625990861429005E+11      0.185285250232459E+01
 0.122741889557103E+07      0.618125693364597E+11      0.185285254112954E+01
 0.122748401579800E+07      0.610416888713787E+11      0.185285257897414E+01
 0.122754913602497E+07      0.602707790133503E+11      0.185285261682170E+01
 0.122761392524160E+07      0.595309096233213E+11      0.185285265295801E+01
 0.122767838344789E+07      0.587828606422941E+11      0.185285268950127E+01
 0.122774284165418E+07      0.580496059439895E+11      0.185285272513995E+01
 0.122780729986047E+07      0.573163260117479E+11      0.185285276078139E+01
 0.122787142361650E+07      0.566128084352246E+11      0.185285279479599E+01
 0.122793521292227E+07      0.559013536719841E+11      0.185285282920170E+01
 0.122799900222804E+07      0.552038997298599E+11      0.185285286275555E+01
 0.122806279153380E+07      0.545064242876484E+11      0.185285289631199E+01
 0.122812624347504E+07      0.538374717743465E+11      0.185285292832304E+01
 0.122818935805176E+07      0.531608282626457E+11      0.185285296070938E+01
 0.122825247262847E+07      0.524974377486558E+11      0.185285299229367E+01
 0.122831558720518E+07      0.518340290701878E+11      0.185285302388039E+01
 0.122837836200909E+07      0.511979425960408E+11      0.185285305400022E+01
 0.122844079704018E+07      0.505544136378780E+11      0.185285308447958E+01
 0.122850323207128E+07      0.499234326912134E+11      0.185285311420396E+01
 0.122856566710237E+07      0.492924365463913E+11      0.185285314393062E+01
 0.122862776043576E+07      0.486876005534091E+11      0.185285317226591E+01
 0.122868951207145E+07      0.480755715674240E+11      0.185285320094514E+01
 0.122875126370713E+07      0.474754258021841E+11      0.185285322891383E+01
 0.122881301534281E+07      0.468752674654720E+11      0.185285325688465E+01
 0.122887442381469E+07      0.463001457959026E+11      0.185285328353665E+01
 0.122893548912275E+07      0.457180803724991E+11      0.185285331051722E+01
 0.122899655443082E+07      0.451472710903024E+11      0.185285333682920E+01
 0.122905761973889E+07      0.445764515530915E+11      0.185285336314318E+01
 0.122911834085001E+07      0.440295835719391E+11      0.185285338820792E+01
 0.122917871776419E+07      0.434760197221403E+11      0.185285341358615E+01
 0.122923909467838E+07      0.429331203143825E+11      0.185285343833538E+01
 0.122929947159256E+07      0.423902126863487E+11      0.185285346308648E+01
 0.122935950368318E+07      0.418702095858033E+11      0.185285348665498E+01
 0.122941919095024E+07      0.413437561723109E+11      0.185285351052222E+01
 0.122947887821730E+07      0.408274086989691E+11      0.185285353379780E+01
 0.122953856548436E+07      0.403110547855404E+11      0.185285355707514E+01
 0.122959790768114E+07      0.398165960645650E+11      0.185285357923361E+01
 0.122965690480765E+07      0.393159294046962E+11      0.185285360167647E+01
 0.122971590193416E+07      0.388248413383283E+11      0.185285362356286E+01
 0.122977489906067E+07      0.383337483830759E+11      0.185285364545092E+01
 0.122983355122373E+07      0.378635784952392E+11      0.185285366628097E+01
 0.122989185842334E+07      0.373874391264020E+11      0.185285368738147E+01
 0.122995016562295E+07      0.369203802513922E+11      0.185285370795870E+01
 0.123000847282256E+07      0.364533178335169E+11      0.185285372853748E+01
 0.123006643549323E+07      0.360062429961107E+11      0.185285374811634E+01
 0.123012405363497E+07      0.355534325952965E+11      0.185285376795214E+01
 0.123018167177670E+07      0.351092320535280E+11      0.185285378729594E+01
 0.123023928991844E+07      0.346650291317104E+11      0.185285380664120E+01
 0.123029656426834E+07      0.342399142892308E+11      0.185285382504189E+01
 0.123035349482640E+07      0.338092927386888E+11      0.185285384368646E+01
 0.123041042538447E+07      0.333868362137368E+11      0.185285386186851E+01
 0.123046735594254E+07      0.329643783085088E+11      0.185285388005192E+01
 0.123052394372427E+07      0.325601442436825E+11      0.185285389734346E+01
 0.123058018872968E+07      0.321506268355215E+11      0.185285391486629E+01
 0.123063643373509E+07      0.317488538682065E+11      0.185285393195436E+01
 0.123069267874050E+07      0.313470803757279E+11      0.185285394904370E+01
 0.123074858224033E+07      0.309627009614138E+11      0.185285396529127E+01
 0.123080414423458E+07      0.305732557343737E+11      0.185285398175805E+01
 0.123085970622884E+07      0.301911571631273E+11      0.185285399781619E+01
 0.123091526822309E+07      0.298090587938492E+11      0.185285401387554E+01
 0.123097049021572E+07      0.294435583793293E+11      0.185285402914070E+01
 0.123102537220671E+07      0.290732035813926E+11      0.185285404461346E+01
 0.123108025419771E+07      0.287098191013977E+11      0.185285405970221E+01
 0.123113513618870E+07      0.283464354375934E+11      0.185285407479208E+01
 0.123118967989432E+07      0.279988863629720E+11      0.185285408913294E+01
 0.123124388531456E+07      0.276466880338645E+11      0.185285410367029E+01
 0.123129809073480E+07      0.273011038693580E+11      0.185285411784677E+01
 0.123135229615504E+07      0.269555210359222E+11      0.185285413202432E+01
 0.123140616519874E+07      0.266250412685751E+11      0.185285414549571E+01
 0.123145969786591E+07      0.262901109365368E+11      0.185285415915295E+01
 0.123151323053307E+07      0.259614576210280E+11      0.185285417247112E+01
 0.123156676320024E+07      0.256328060643015E+11      0.185285418579029E+01
 0.123161996157376E+07      0.253185569515472E+11      0.185285419844392E+01
 0.123167282565363E+07      0.250000494390541E+11      0.185285421127323E+01
 0.123172568973351E+07      0.246874996985252E+11      0.185285422378399E+01
 0.123177855381338E+07      0.243749520682114E+11      0.185285423629568E+01
 0.123183108583919E+07      0.240761362006103E+11      0.185285424818029E+01
 0.123188328581093E+07      0.237732475340000E+11      0.185285426023089E+01
 0.123193548578267E+07      0.234760142684258E+11      0.185285427198224E+01
 0.123198768575441E+07      0.231787833979375E+11      0.185285428373447E+01
 0.123203955605212E+07      0.228946425778624E+11      0.185285429489601E+01
 0.123209109667580E+07      0.226066079960625E+11      0.185285430621432E+01
 0.123214263729947E+07      0.223239423548330E+11      0.185285431725153E+01
 0.123219417792315E+07      0.220412793356460E+11      0.185285432828955E+01
 0.123224539137817E+07      0.217710926459986E+11      0.185285433877133E+01
 0.123229627766454E+07      0.214971847037874E+11      0.185285434940109E+01
 0.123234716395091E+07      0.212283742508299E+11      0.185285435976680E+01
 0.123239805023728E+07      0.209595665966362E+11      0.185285437013329E+01
 0.123244861197166E+07      0.207026485648166E+11      0.185285437997608E+01
 0.123249884915405E+07      0.204421753262578E+11      0.185285438995851E+01
 0.123254908633644E+07      0.201865422908550E+11      0.185285439969294E+01
 0.123259932351884E+07      0.199309121875061E+11      0.185285440942810E+01
 0.123264923886417E+07      0.196866110399640E+11      0.185285441867031E+01
 0.123269883237244E+07      0.194389143578569E+11      0.185285442804424E+01
 0.123274842588071E+07      0.191958139673370E+11      0.185285443718526E+01
 0.123279801938899E+07      0.189527166047463E+11      0.185285444632696E+01
 0.123284729386133E+07      0.187204126076622E+11      0.185285445500475E+01
 0.123289624929775E+07      0.184848664850359E+11      0.185285446380674E+01
 0.123294520473417E+07      0.182536853756803E+11      0.185285447239001E+01
 0.123299416017059E+07      0.180225073580236E+11      0.185285448097392E+01
 0.123304279944728E+07      0.178016112398766E+11      0.185285448912133E+01
 0.123309112256426E+07      0.175776202697357E+11      0.185285449738581E+01
 0.123313944568123E+07      0.173577749724051E+11      0.185285450544491E+01
 0.123318776879820E+07      0.171379328031132E+11      0.185285451350461E+01
 0.123323577869647E+07      0.169278842550973E+11      0.185285452115367E+01
 0.123328347537602E+07      0.167148821347939E+11      0.185285452891307E+01
 0.123333117205558E+07      0.165058176319238E+11      0.185285453647960E+01
 0.123337886873514E+07      0.162967562701124E+11      0.185285454404670E+01
 0.123342625519237E+07      0.160970225205556E+11      0.185285455122756E+01
 0.123347333142728E+07      0.158944706373221E+11      0.185285455851236E+01
 0.123352040766220E+07      0.156956589880775E+11      0.185285456561607E+01
 0.123356748389711E+07      0.154968504731978E+11      0.185285457272032E+01
 0.123361425295278E+07      0.153069249323266E+11      0.185285457946133E+01
 0.123366071482922E+07      0.151143110166601E+11      0.185285458630024E+01
 0.123370717670565E+07      0.149252500471746E+11      0.185285459296913E+01
 0.123375363858209E+07      0.147361921888033E+11      0.185285459963851E+01
 0.123379979636112E+07      0.145555931603728E+11      0.185285460596635E+01
 0.123384565004275E+07      0.143724300041039E+11      0.185285461238636E+01
 0.123389150372438E+07      0.141926420598551E+11      0.185285461864676E+01
 0.123393735740601E+07      0.140128571896713E+11      0.185285462490762E+01
 0.123398291010355E+07      0.138411266461532E+11      0.185285463084736E+01
 0.123402816181699E+07      0.136669508821755E+11      0.185285463687388E+01
 0.123407341353043E+07      0.134959816396722E+11      0.185285464275055E+01
 0.123411866524388E+07      0.133250154227908E+11      0.185285464862765E+01
 0.123416361911136E+07      0.131617178409724E+11      0.185285465420288E+01
 0.123420827513289E+07      0.129960887817424E+11      0.185285465985979E+01
 0.123425293115441E+07      0.128335061168159E+11      0.185285466537602E+01
 0.123429758717594E+07      0.126709264197666E+11      0.185285467089267E+01
 0.123434194850841E+07      0.125156476737722E+11      0.185285467612555E+01
 0.123438601515181E+07      0.123581462058158E+11      0.185285468143531E+01
 0.123443008179521E+07      0.122035391159231E+11      0.185285468661302E+01
 0.123447414843861E+07      0.120489349286764E+11      0.185285469179110E+01
 0.123451792356309E+07      0.119012812375670E+11      0.185285469670249E+01
 0.123456140716863E+07      0.117515087693557E+11      0.185285470168622E+01
 0.123460489077418E+07      0.116044863474094E+11      0.185285470654598E+01
 0.123464837437973E+07      0.114574667569627E+11      0.185285471140611E+01
 0.123469156964470E+07      0.113170636842142E+11      0.185285471601559E+01
 0.123473447656909E+07      0.111746411448889E+11      0.185285472069313E+01
 0.123477738349349E+07      0.110348316022350E+11      0.185285472525432E+01
 0.123482029041788E+07      0.108950248153755E+11      0.185285472981584E+01
 0.123486291218371E+07      0.107615163176671E+11      0.185285473414184E+01
 0.123490524879097E+07      0.106260832042039E+11      0.185285473853185E+01
 0.123494758539823E+07      0.104931329404712E+11      0.185285474281265E+01
 0.123498992200550E+07      0.103601853534353E+11      0.185285474709377E+01
 0.123503197663574E+07      0.102332328763093E+11      0.185285475115358E+01
 0.123507374928896E+07      0.101044463468278E+11      0.185285475527360E+01
